  0.50000000000000000       0.13923810075428561        4.2361172146599246     
  0.50999999977648258       0.13932952932172774        4.1593508447935843     
  0.51999999955296516       0.13942095788916986        4.0832223528811413     
  0.52999999932944775       0.13951238645661199        4.0077295890698172     
  0.53999999910593033       0.13960381502405411        3.9328704035068323     
  0.54999999888241291       0.13969524359149624        3.8586426463394092     
  0.55999999865889549       0.13978667215893836        3.7850441677147670     
  0.56999999843537807       0.13987810072638049        3.7120728177801277     
  0.57999999821186066       0.13996952929382261        3.6397264466827113     
  0.58999999798834324       0.14006095786126474        3.5680029045697395     
  0.59999999776482582       0.14015238642870687        3.4969000415884333     
  0.60999999754130840       0.14024381499614899        3.4264157078860134     
  0.61999999731779099       0.14033524356359112        3.3565477536097004     
  0.62999999709427357       0.14042667213103324        3.2872940289067158     
  0.63999999687075615       0.14051810069847537        3.2186523839242809     
  0.64999999664723873       0.14060952926591749        3.1506206688096148     
  0.65999999642372131       0.14070095783335962        3.0831967337099404     
  0.66999999620020390       0.14079238640080177        3.0163784287724780     
  0.67999999597668648       0.14088381496824390        2.9501636041444468     
  0.68999999575316906       0.14097524353568602        2.8845501099730706     
  0.69999999552965164       0.14106667210312815        2.8195357964055696     
  0.70999999530613422       0.14115810067057027        2.7551185135891640     
  0.71999999508261681       0.14124952923801240        2.6912961116710745     
  0.72999999485909939       0.14134095780545453        2.6280664407985226     
  0.73999999463558197       0.14143238637289665        2.5654273511187298     
  0.74999999441206455       0.14152381494033878        2.5033766927789158     
  0.75999999418854713       0.14161524350778090        2.4419123159263023     
  0.76999999396502972       0.14170667207522303        2.3810320707081103     
  0.77999999374151230       0.14179810064266515        2.3207338072715595     
  0.78999999351799488       0.14188952921010728        2.2610153757638729     
  0.79999999329447746       0.14198095777754940        2.2018746263322697     
  0.80999999307096004       0.14207238634499153        2.1433094091239719     
  0.81999999284744263       0.14216381491243366        2.0853175742861998     
  0.82999999262392521       0.14225524347987578        2.0278969719661744     
  0.83999999240040779       0.14234667204731791        1.9710454523111167     
  0.84999999217689037       0.14243810061476003        1.9147608654682482     
  0.85999999195337296       0.14252952918220216        1.8590410615847892     
  0.86999999172985554       0.14262095774964428        1.8038838908079611     
  0.87999999150633812       0.14271238631708641        1.7492872032849835     
  0.88999999128282070       0.14280381488452853        1.6952488491630793     
  0.89999999105930328       0.14289524345197066        1.6417666785894682     
  0.90999999083578587       0.14298667201941279        1.5888385417113717     
  0.91999999061226845       0.14307810058685491        1.5364622886760100     
  0.92999999038875103       0.14316952915429704        1.4846357696306050     
  0.93999999016523361       0.14326095772173916        1.4333568347223764     
  0.94999998994171619       0.14335238628918129        1.3826233340985468     
  0.95999998971819878       0.14344381485662341        1.3324331179063358     
  0.96999998949468136       0.14353524342406554        1.2827840362929650     
  0.97999998927116394       0.14362667199150769        1.2336739394056544     
  0.98999998904764652       0.14371810055894979        1.1851006773916259     
  0.99999998882412910       0.14380952912639194        1.1370621003981003     
   1.0099999886006117       0.14390095769383407        1.0895560585722985     
   1.0199999883770943       0.14399238626127620        1.0425804020614409     
   1.0299999881535769       0.14408381482871832       0.99613298101274927     
   1.0399999879300594       0.14417524339616045       0.95021164557344429     
   1.0499999877065420       0.14426667196360257       0.90481424589074622     
   1.0599999874830246       0.14435810053104470       0.85993863211187649     
   1.0699999872595072       0.14444952909848682       0.81558265438405597     
   1.0799999870359898       0.14454095766592895       0.77174416285450631     
   1.0899999868124723       0.14463238623337107       0.72842100767044782     
   1.0999999865889549       0.14472381480081320       0.68561103897910058     
   1.1099999863654375       0.14481524336825533       0.64331210692768770     
   1.1199999861419201       0.14490667193569745       0.60152206166342803     
   1.1299999859184027       0.14499810050313958       0.56023875333354234     
   1.1399999856948853       0.14508952907058170       0.51946003208525404     
   1.1499999854713678       0.14518095763802383       0.47918374806578157     
   1.1599999852478504       0.14527238620546595       0.43940775142234745     
   1.1699999850243330       0.14536381477290808       0.40012989230217200     
   1.1799999848008156       0.14545524334035020       0.36134802085247519     
   1.1899999845772982       0.14554667190779233       0.32305998722047957     
   1.1999999843537807       0.14563810047523446       0.28526364155340356     
   1.2099999841302633       0.14572952904267658       0.24795683399847168     
   1.2199999839067459       0.14582095761011871       0.21113741470290293     
   1.2299999836832285       0.14591238617756083       0.17480323381391827     
   1.2399999834597111       0.14600381474500296       0.13895214147873880     
   1.2499999832361937       0.14609524331244508       0.10358198784458628     
   1.2599999830126762       0.14618667187988721        6.8690623058679789E-002
   1.2699999827891588       0.14627810044732933        3.4275897268241984E-002
   1.2799999825656414       0.14636952901477146        3.3566062049406042E-004
   1.2899999823421240       0.14646095758221359       -3.3132236737346110E-002
   1.2999999821186066       0.14655238614965571       -6.6129944658054440E-002
   1.3099999818950891       0.14664381471709786       -9.8659612994410395E-002
   1.3199999816715717       0.14673524328453996      -0.13072339159919477     
   1.3299999814480543       0.14682667185198212      -0.16232343032518537     
   1.3399999812245369       0.14691810041942424      -0.19346187902516077     
   1.3499999810010195       0.14700952898686637      -0.22414088755190098     
   1.3599999807775021       0.14710095755430849      -0.25436260575818459     
   1.3699999805539846       0.14719238612175062      -0.28412918349679117     
   1.3799999803304672       0.14728381468919274      -0.31344277062049941     
   1.3899999801069498       0.14737524325663487      -0.34230551698208866     
   1.3999999798834324       0.14746667182407699      -0.37071957243433784     
   1.4099999796599150       0.14755810039151912      -0.39868708683002518     
   1.4199999794363976       0.14764952895896125      -0.42621021002193138     
   1.4299999792128801       0.14774095752640337      -0.45329109186283478     
   1.4399999789893627       0.14783238609384550      -0.47993188220551075     
   1.4499999787658453       0.14792381466128762      -0.50613473090274508     
   1.4599999785423279       0.14801524322872975      -0.53190178780731423     
   1.4699999783188105       0.14810667179617187      -0.55723520277199512     
   1.4799999780952930       0.14819810036361400      -0.58213712564956932     
   1.4899999778717756       0.14828952893105612      -0.60660970629281596     
   1.4999999776482582       0.14838095749849825      -0.63065509455451041     
   1.5099999774247408       0.14847238606594038      -0.65427544028743734     
   1.5199999772012234       0.14856381463338250      -0.67747289334437033     
   1.5299999769777060       0.14865524320082463      -0.70024960357809207     
   1.5399999767541885       0.14874667176826675      -0.72260772084138147     
   1.5499999765306711       0.14883810033570888      -0.74454939498701944     
   1.5599999763071537       0.14892952890315100      -0.76607677586777823     
   1.5699999760836363       0.14902095747059313      -0.78719201333644162     
   1.5799999758601189       0.14911238603803526      -0.80789725724578898     
   1.5899999756366014       0.14920381460547738      -0.82819465744859611     
   1.5999999754130840       0.14929524317291951      -0.84808636379764724     
   1.6099999751895666       0.14938667174036163      -0.86757452614571573     
   1.6199999749660492       0.14947810030780376      -0.88666129434558472     
   1.6299999747425318       0.14956952887524588      -0.90534881825003288     
   1.6399999745190144       0.14966095744268804      -0.92363924771183759     
   1.6499999742954969       0.14975238601013016      -0.94153473258377818     
   1.6599999740719795       0.14984381457757229      -0.95903742271863535     
   1.6699999738484621       0.14993524314501441      -0.97614946796918645     
   1.6799999736249447       0.15002667171245654      -0.99287301818821017     
   1.6899999734014273       0.15011810027989866       -1.0092102232284892     
   1.6999999731779099       0.15020952884734079       -1.0251632329427995     
   1.7099999729543924       0.15030095741478292       -1.0407341971839181     
   1.7199999727308750       0.15039238598222504       -1.0559252658046294     
   1.7299999725073576       0.15048381454966717       -1.0707385886577088     
   1.7399999722838402       0.15057524311710929       -1.0851763155959357     
   1.7499999720603228       0.15066667168455142       -1.0992405964720906     
   1.7599999718368053       0.15075810025199354       -1.1129335811389507     
   1.7699999716132879       0.15084952881943567       -1.1262574194492971     
   1.7799999713897705       0.15094095738687779       -1.1392142612559075     
   1.7899999711662531       0.15103238595431992       -1.1518062564115619     
   1.7999999709427357       0.15112381452176205       -1.1640355547690375     
   1.8099999707192183       0.15121524308920417       -1.1759043061811143     
   1.8199999704957008       0.15130667165664630       -1.1874146605005729     
   1.8299999702721834       0.15139810022408842       -1.1985687675801904     
   1.8399999700486660       0.15148952879153055       -1.2093687772727471     
   1.8499999698251486       0.15158095735897267       -1.2198168394310209     
   1.8599999696016312       0.15167238592641480       -1.2299151039077945     
   1.8699999693781137       0.15176381449385692       -1.2396657205558399     
   1.8799999691545963       0.15185524306129905       -1.2490708392279410     
   1.8899999689310789       0.15194667162874118       -1.2581326097768768     
   1.8999999687075615       0.15203810019618330       -1.2668531820554270     
   1.9099999684840441       0.15212952876362543       -1.2752347059163687     
   1.9199999682605267       0.15222095733106755       -1.2832793312124822     
   1.9299999680370092       0.15231238589850968       -1.2909892077965437     
   1.9399999678134918       0.15240381446595180       -1.2983664855213357     
   1.9499999675899744       0.15249524303339396       -1.3054133142396367     
   1.9599999673664570       0.15258667160083605       -1.3121318438042247     
   1.9699999671429396       0.15267810016827821       -1.3185242240678785     
   1.9799999669194221       0.15276952873572031       -1.3245926048833807     
   1.9899999666959047       0.15286095730316246       -1.3303391361035044     
   1.9999999664723873       0.15295238587060458       -1.3357659675810321     
   2.0099999662488699       0.15304381443804671       -1.3408752491687435     
   2.0199999660253525       0.15313524300548884       -1.3456691307194184     
   2.0299999658018351       0.15322667157293096       -1.3501497620858323     
   2.0399999655783176       0.15331810014037309       -1.3543192931207675     
   2.0499999653548002       0.15340952870781521       -1.3581798736770008     
   2.0599999651312828       0.15350095727525734       -1.3617336536073097     
   2.0699999649077654       0.15359238584269946       -1.3649827827644803     
   2.0799999646842480       0.15368381441014159       -1.3679294110012861     
   2.0899999644607306       0.15377524297758371       -1.3705756881705033     
   2.0999999642372131       0.15386667154502584       -1.3729237641249212     
   2.1099999640136957       0.15395810011246797       -1.3749757887173084     
   2.1199999637901783       0.15404952867991009       -1.3767339118004509     
   2.1299999635666609       0.15414095724735222       -1.3782002832271201     
   2.1399999633431435       0.15423238581479434       -1.3793770528501028     
   2.1499999631196260       0.15432381438223647       -1.3802663705221749     
   2.1599999628961086       0.15441524294967859       -1.3808703860961180     
   2.1699999626725912       0.15450667151712072       -1.3811912494247052     
   2.1799999624490738       0.15459810008456285       -1.3812311103607251     
   2.1899999622255564       0.15468952865200497       -1.3809921187569469     
   2.1999999620020390       0.15478095721944710       -1.3804764244661523     
   2.2099999617785215       0.15487238578688922       -1.3796861773411226     
   2.2199999615550041       0.15496381435433135       -1.3786235272346374     
   2.2299999613314867       0.15505524292177347       -1.3772906239994742     
   2.2399999611079693       0.15514667148921560       -1.3756896174884137     
   2.2499999608844519       0.15523810005665772       -1.3738226575542303     
   2.2599999606609344       0.15532952862409985       -1.3716918940497127     
   2.2699999604374170       0.15542095719154198       -1.3692994768276261     
   2.2799999602138996       0.15551238575898413       -1.3666475557407631     
   2.2899999599903822       0.15560381432642623       -1.3637382806418890     
   2.2999999597668648       0.15569524289386838       -1.3605738013838007     
   2.3099999595433474       0.15578667146131051       -1.3571562678192581     
   2.3199999593198299       0.15587810002875263       -1.3534878298010540     
   2.3299999590963125       0.15596952859619476       -1.3495706371819605     
   2.3399999588727951       0.15606095716363688       -1.3454068398147623     
   2.3499999586492777       0.15615238573107901       -1.3409985875522308     
   2.3599999584257603       0.15624381429852113       -1.3363480302471524     
   2.3699999582022429       0.15633524286596326       -1.3314573177522977     
   2.3799999579787254       0.15642667143340538       -1.3263285999204593     
   2.3899999577552080       0.15651810000084751       -1.3209640266044049     
   2.3999999575316906       0.15660952856828964       -1.3153657476569176     
   2.4099999573081732       0.15670095713573176       -1.3095359129307722     
   2.4199999570846558       0.15679238570317389       -1.3034766722787570     
   2.4299999568611383       0.15688381427061601       -1.2971901755536370     
   2.4399999566376209       0.15697524283805814       -1.2906785726082131     
   2.4499999564141035       0.15706667140550026       -1.2839440132952387     
   2.4599999561905861       0.15715809997294239       -1.2769886474675101     
   2.4699999559670687       0.15724952854038451       -1.2698146249777951     
   2.4799999557435513       0.15734095710782664       -1.2624240956788890     
   2.4899999555200338       0.15743238567526877       -1.2548192094235526     
   2.4999999552965164       0.15752381424271089       -1.2470021160645803     
   2.5099999550729990       0.15761524281015302       -1.2389749654547355     
   2.5199999548494816       0.15770667137759514       -1.2307399074468126     
   2.5299999546259642       0.15779809994503727       -1.2222990918935803     
   2.5399999544024467       0.15788952851247939       -1.2136546686478269     
   2.5499999541789293       0.15798095707992152       -1.2048087875623166     
   2.5599999539554119       0.15807238564736364       -1.1957635984898465     
   2.5699999537318945       0.15816381421480577       -1.1865212512831800     
   2.5799999535083771       0.15825524278224790       -1.1770838957951080     
   2.5899999532848597       0.15834667134969002       -1.1674536818783992     
   2.5999999530613422       0.15843809991713215       -1.1576327593858453     
   2.6099999528378248       0.15852952848457430       -1.1476232781702116     
   2.6199999526143074       0.15862095705201640       -1.1374273880842880     
   2.6299999523907900       0.15871238561945855       -1.1270472389808450     
   2.6399999521672726       0.15880381418690068       -1.1164849807126753     
   2.6499999519437551       0.15889524275434280       -1.1057427631325378     
   2.6599999517202377       0.15898667132178493       -1.0948227360932279     
   2.6699999514967203       0.15907809988922705       -1.0837270494475115     
   2.6799999512732029       0.15916952845666918       -1.0724578530481885     
   2.6899999510496855       0.15926095702411130       -1.0610172967480134     
   2.6999999508261681       0.15935238559155343       -1.0494075303997832     
   2.7099999506026506       0.15944381415899556       -1.0376307038562622     
   2.7199999503791332       0.15953524272643768       -1.0256889669702467     
   2.7299999501556158       0.15962667129387981       -1.0135844695945035     
   2.7399999499320984       0.15971809986132193       -1.0013193615818174     
   2.7499999497085810       0.15980952842876406      -0.98889579278495621     
   2.7599999494850636       0.15990095699620618      -0.97631591305671783     
   2.7699999492615461       0.15999238556364831      -0.96358187224986391     
   2.7799999490380287       0.16008381413109044      -0.95069582021718801     
   2.7899999488145113       0.16017524269853256      -0.93765990681145617     
   2.7999999485909939       0.16026667126597469      -0.92447628188545661     
   2.8099999483674765       0.16035809983341681      -0.91114709529195981     
   2.8199999481439590       0.16044952840085894      -0.89767449688375756     
   2.8299999479204416       0.16054095696830106      -0.88406063651361677     
   2.8399999476969242       0.16063238553574319      -0.87030766403432125     
   2.8499999474734068       0.16072381410318531      -0.85641772929864679     
   2.8599999472498894       0.16081524267062744      -0.84239298215937986     
   2.8699999470263720       0.16090667123806957      -0.82823557246929447     
   2.8799999468028545       0.16099809980551169      -0.81394765008117531     
   2.8899999465793371       0.16108952837295382      -0.79953136484778575     
   2.8999999463558197       0.16118095694039594      -0.78498886662193357     
   2.9099999461323023       0.16127238550783807      -0.77032230525636436     
   2.9199999459087849       0.16136381407528022      -0.75553383060387524     
   2.9299999456852674       0.16145524264272232      -0.74062559251724736     
   2.9399999454617500       0.16154667121016447      -0.72559974084925649     
   2.9499999452382326       0.16163809977760657      -0.71045842545266957     
   2.9599999450147152       0.16172952834504872      -0.69520379618028905     
   2.9699999447911978       0.16182095691249085      -0.67983800288487295     
   2.9799999445676804       0.16191238547993297      -0.66436319541921662     
   2.9899999443441629       0.16200381404737510      -0.64878152363608521     
   2.9999999441206455       0.16209524261481723      -0.63309513738826517     
   3.0099999438971281       0.16218667118225935      -0.61730618652853231     
   3.0199999436736107       0.16227809974970148      -0.60141682090967663     
   3.0299999434500933       0.16236952831714360      -0.58542919038446506     
   3.0399999432265759       0.16246095688458573      -0.56934544480568050     
   3.0499999430030584       0.16255238545202785      -0.55316773402609343     
   3.0599999427795410       0.16264381401946998      -0.53689820789849740     
   3.0699999425560236       0.16273524258691210      -0.52053901627566290     
   3.0799999423325062       0.16282667115435423      -0.50409230901037994     
   3.0899999421089888       0.16291809972179636      -0.48756023595539943     
   3.0999999418854713       0.16300952828923848      -0.47094494696353983     
   3.1099999416619539       0.16310095685668061      -0.45424859188754674     
   3.1199999414384365       0.16319238542412273      -0.43747332058022259     
   3.1299999412149191       0.16328381399156486      -0.42062128289432543     
   3.1399999409914017       0.16337524255900698      -0.40369462868266126     
   3.1499999407678843       0.16346667112644911      -0.38669550779797568     
   3.1599999405443668       0.16355809969389123      -0.36962607009307646     
   3.1699999403208494       0.16364952826133336      -0.35248846542073053     
   3.1799999400973320       0.16374095682877549      -0.33528484363371902     
   3.1899999398738146       0.16383238539621761      -0.31801735458481240     
   3.1999999396502972       0.16392381396365974      -0.30068814812680245     
   3.2099999394267797       0.16401524253110186      -0.28329937411246142     
   3.2199999392032623       0.16410667109854399      -0.26585318239457401     
   3.2299999389797449       0.16419809966598611      -0.24835172282590889     
   3.2399999387562275       0.16428952823342824      -0.23079714525925610     
   3.2499999385327101       0.16438095680087039      -0.21319159954738787     
   3.2599999383091927       0.16447238536831249      -0.19553723554308888     
   3.2699999380856752       0.16456381393575464      -0.17783620309912962     
   3.2799999378621578       0.16465524250319674      -0.16009065206830542     
   3.2899999376386404       0.16474667107063889      -0.14230273230337609     
   3.2999999374151230       0.16483809963808102      -0.12447459365712810     
   3.3099999371916056       0.16492952820552315      -0.10660838598233902     
   3.3199999369680882       0.16502095677296527       -8.8706259131795306E-002
   3.3299999367445707       0.16511238534040740       -7.0770362958270994E-002
   3.3399999365210533       0.16520381390784952       -5.2802847314550760E-002
   3.3499999362975359       0.16529524247529165       -3.4805862053394421E-002
   3.3599999360740185       0.16538667104273377       -1.6781557027607974E-002
   3.3699999358505011       0.16547809961017590        1.2679179100540949E-003
   3.3799999356269836       0.16556952817761802        1.9340412906798221E-002
   3.3899999354034662       0.16566095674506015        3.7433778109852156E-002
   3.3999999351799488       0.16575238531250228        5.5545863666417006E-002
   3.4099999349564314       0.16584381387994440        7.3674519723748944E-002
   3.4199999347329140       0.16593524244738653        9.1817596429033088E-002
   3.4299999345093966       0.16602667101482865       0.10997294392952384     
   3.4399999342858791       0.16611809958227078       0.12813841237241519     
   3.4499999340623617       0.16620952814971290       0.14631185190494378     
   3.4599999338388443       0.16630095671715503       0.16449111267431604     
   3.4699999336153269       0.16639238528459716       0.18267404482777394     
   3.4799999333918095       0.16648381385203928       0.20085849851251680     
   3.4899999331682920       0.16657524241948141       0.21904232387578482     
   3.4999999329447746       0.16666667098692353       0.23722337106477909     
   3.5099999327212572       0.16675809955436566       0.25539949022673625     
   3.5199999324977398       0.16684952812180778       0.27356853150887162     
   3.5299999322742224       0.16694095668924991       0.29172834505840584     
   3.5399999320507050       0.16703238525669203       0.30987678102255600     
   3.5499999318271875       0.16712381382413416       0.32801168954855697     
   3.5599999316036701       0.16721524239157631       0.34613092078361163     
   3.5699999313801527       0.16730667095901841       0.36423232487495483     
   3.5799999311566353       0.16739809952646056       0.38231375196980011     
   3.5899999309331179       0.16748952809390266       0.40037305221536812     
   3.5999999307096004       0.16758095666134482       0.41840807575887951     
   3.6099999304860830       0.16767238522878691       0.43641667274756557     
   3.6199999302625656       0.16776381379622907       0.45439669332863630     
   3.6299999300390482       0.16785524236367119       0.47234598764930880     
   3.6399999298155308       0.16794667093111332       0.49026240585681791     
   3.6499999295920134       0.16803809949855544       0.50814379809837362     
   3.6599999293684959       0.16812952806599757       0.52598801452121435     
   3.6699999291449785       0.16822095663343969       0.54379290527252877     
   3.6799999289214611       0.16831238520088182       0.56155632049956594     
   3.6899999286979437       0.16840381376832395       0.57927611034953230     
   3.6999999284744263       0.16849524233576607       0.59695012496965916     
   3.7099999282509089       0.16858667090320820       0.61457621450716715     
   3.7199999280273914       0.16867809947065032       0.63215222910926272     
   3.7299999278038740       0.16876952803809245       0.64967601892317717     
   3.7399999275803566       0.16886095660553457       0.66714543409614180     
   3.7499999273568392       0.16895238517297670       0.68455832477534884     
   3.7599999271333218       0.16904381374041882       0.70191254110804735     
   3.7699999269098043       0.16913524230786095       0.71920593324144377     
   3.7799999266862869       0.16922667087530308       0.73643635132276586     
   3.7899999264627695       0.16931809944274520       0.75360164549922715     
   3.7999999262392521       0.16940952801018733       0.77069966591805894     
   3.8099999260157347       0.16950095657762945       0.78772826272646768     
   3.8199999257922173       0.16959238514507158       0.80468528607169887     
   3.8299999255686998       0.16968381371251370       0.82156858610094119     
   3.8399999253451824       0.16977524227995583       0.83837601296144371     
   3.8499999251216650       0.16986667084739795       0.85510541680040575     
   3.8599999248981476       0.16995809941484008       0.87175464776506217     
   3.8699999246746302       0.17004952798228221       0.88832155600262652     
   3.8799999244511127       0.17014095654972433       0.90480399166033010     
   3.8899999242275953       0.17023238511716648       0.92119980488537578     
   3.8999999240040779       0.17032381368460858       0.93750684582500909     
   3.9099999237805605       0.17041524225205074       0.95372296462642225     
   3.9199999235570431       0.17050667081949283       0.96984601143686788     
   3.9299999233335257       0.17059809938693499       0.98587383640353821     
   3.9399999231100082       0.17068952795437708        1.0018042896736716     
   3.9499999228864908       0.17078095652181924        1.0176352213944746     
   3.9599999226629734       0.17087238508926136        1.0333644817131926     
   3.9699999224394560       0.17096381365670349        1.0489899207770179     
   3.9799999222159386       0.17105524222414561        1.0645093887331889     
   3.9899999219924212       0.17114667079158774        1.0799207357289227     
   3.9999999217689037       0.17123809935902987        1.0952218119114434     
   4.0099999215453863       0.17132952792647199        1.1104104674279647     
   4.0199999213218689       0.17142095649391412        1.1254845524257071     
   4.0299999210983515       0.17151238506135624        1.1404419170518985     
   4.0399999208748341       0.17160381362879837        1.1552804114537594     
   4.0499999206513166       0.17169524219624049        1.1699978857785069     
   4.0599999204277992       0.17178667076368262        1.1845921901733654     
   4.0699999202042818       0.17187809933112475        1.1990611747855482     
   4.0799999199807644       0.17196952789856687        1.2134026897622867     
   4.0899999197572470       0.17206095646600900        1.2276145852507874     
   4.0999999195337296       0.17215238503345112        1.2416947113982921     
   4.1099999193102121       0.17224381360089325        1.2556409183520003     
   4.1199999190866947       0.17233524216833537        1.2694510562591503     
   4.1299999188631773       0.17242667073577750        1.2831229752669593     
   4.1399999186396599       0.17251809930321962        1.2966545255226443     
   4.1499999184161425       0.17260952787066175        1.3100435571734117     
   4.1599999181926250       0.17270095643810388        1.3232879203665142     
   4.1699999179691076       0.17279238500554600        1.3363854652491440     
   4.1799999177455902       0.17288381357298813        1.3493340419685396     
   4.1899999175220728       0.17297524214043025        1.3621315006719179     
   4.1999999172985554       0.17306667070787241        1.3747756915064926     
   4.2099999170750380       0.17315809927531450        1.3872644646194949     
   4.2199999168515205       0.17324952784275666        1.3995956701581527     
   4.2299999166280031       0.17334095641019875        1.4117671582696509     
   4.2399999164044857       0.17343238497764091        1.4237767791012530     
   4.2499999161809683       0.17352381354508301        1.4356223828001582     
   4.2599999159574509       0.17361524211252516        1.4473018195135907     
   4.2699999157339334       0.17370667067996726        1.4588129393887641     
   4.2799999155104160       0.17379809924740941        1.4701535925729026     
   4.2899999152868986       0.17388952781485154        1.4813216292132445     
   4.2999999150633812       0.17398095638229366        1.4923148994569893     
   4.3099999148398638       0.17407238494973579        1.5031312534513823     
   4.3199999146163464       0.17416381351717791        1.5137685413436230     
   4.3299999143928289       0.17425524208462004        1.5242246132809250     
   4.3399999141693115       0.17434667065206216        1.5344973194105265     
   4.3499999139457941       0.17443809921950429        1.5445845098796482     
   4.3599999137222767       0.17452952778694641        1.5544840348355144     
   4.3699999134987593       0.17462095635438854        1.5641937444253173     
   4.3799999132752419       0.17471238492183067        1.5737114887963131     
   4.3899999130517244       0.17480381348927279        1.5830351180957081     
   4.3999999128282070       0.17489524205671492        1.5921624824707230     
   4.4099999126046896       0.17498667062415704        1.6010914320685750     
   4.4199999123811722       0.17507809919159917        1.6098198170364952     
   4.4299999121576548       0.17516952775904129        1.6183454875216832     
   4.4399999119341373       0.17526095632648342        1.6266662936714020     
   4.4499999117106199       0.17535238489392554        1.6347800856328298     
   4.4599999114871025       0.17544381346136767        1.6426847135532157     
   4.4699999112635851       0.17553524202880980        1.6503780275797624     
   4.4799999110400677       0.17562667059625192        1.6578578778596906     
   4.4899999108165503       0.17571809916369405        1.6651221145402246     
   4.4999999105930328       0.17580952773113617        1.6721685877686028     
   4.5099999103695154       0.17590095629857830        1.6789951476920209     
   4.5199999101459980       0.17599238486602042        1.6855996444577173     
   4.5299999099224806       0.17608381343346258        1.6919799282129091     
   4.5399999096989632       0.17617524200090467        1.6981338491048064     
   4.5499999094754457       0.17626667056834683        1.7040592572806403     
   4.5599999092519283       0.17635809913578893        1.7097540028876423     
   4.5699999090284109       0.17644952770323108        1.7152159360730010     
   4.5799999088048935       0.17654095627067318        1.7204429069839762     
   4.5899999085813761       0.17663238483811533        1.7254327657677493     
   4.5999999083578587       0.17672381340555743        1.7301833625715872     
   4.6099999081343412       0.17681524197299958        1.7346925475426573     
   4.6199999079108238       0.17690667054044171        1.7389581708282336     
   4.6299999076873064       0.17699809910788383        1.7429780825754904     
   4.6399999074637890       0.17708952767532596        1.7467501329316875     
   4.6499999072402716       0.17718095624276808        1.7502721720440135     
   4.6599999070167542       0.17727238481021021        1.7535420500597212     
   4.6699999067932367       0.17736381337765234        1.7565576171260062     
   4.6799999065697193       0.17745524194509446        1.7593167233900999     
   4.6899999063462019       0.17754667051253659        1.7618172189992123     
   4.6999999061226845       0.17763809907997871        1.7640569541005959     
   4.7099999058991671       0.17772952764742084        1.7660337788414253     
   4.7199999056756496       0.17782095621486296        1.7677455433689602     
   4.7299999054521322       0.17791238478230509        1.7691900978303963     
   4.7399999052286148       0.17800381334974721        1.7703652923729720     
   4.7499999050050974       0.17809524191718934        1.7712689771438974     
   4.7599999047815800       0.17818667048463147        1.7718990022903967     
   4.7699999045580626       0.17827809905207359        1.7722532179596939     
   4.7799999043345451       0.17836952761951572        1.7723294742989992     
   4.7899999041110277       0.17846095618695784        1.7721256214555581     
   4.7999999038875103       0.17855238475439997        1.7716395095765591     
   4.8099999036639929       0.17864381332184209        1.7708689888092550     
   4.8199999034404755       0.17873524188928422        1.7698119093008344     
   4.8299999032169580       0.17882667045672634        1.7684661211985357     
   4.8399999029934406       0.17891809902416847        1.7668294746495974     
   4.8499999027699232       0.17900952759161060        1.7648998198012009     
   4.8599999025464058       0.17910095615905275        1.7626750068005990     
   4.8699999023228884       0.17919238472649485        1.7601528857950015     
   4.8799999020993710       0.17928381329393700        1.7573313069316256     
   4.8899999018758535       0.17937524186137910        1.7542081203576956     
   4.8999999016523361       0.17946667042882125        1.7507811762204355     
   4.9099999014288187       0.17955809899626335        1.7470483246670625     
   4.9199999012053013       0.17964952756370550        1.7430074158448150     
   4.9299999009817839       0.17974095613114763        1.7386562999008675     
   4.9399999007582664       0.17983238469858975        1.7339928269824867     
   4.9499999005347490       0.17992381326603188        1.7290148472368685     
   4.9599999003112316       0.18001524183347400        1.7237202108112513     
   4.9699999000877142       0.18010667040091613        1.7181067678528521     
   4.9799998998641968       0.18019809896835826        1.7121723685088881     
   4.9899998996406794       0.18028952753580038        1.7059148629265835     
   4.9999998994171619       0.18038095610324251        1.6993321012531482     
   5.0099998991936445       0.18047238467068463        1.6924219336358064     
   5.0199998989701271       0.18056381323812676        1.6851822102217895     
   5.0299998987466097       0.18065524180556888        1.6776107811583145     
   5.0399998985230923       0.18074667037301101        1.6697054965925773     
   5.0499998982995749       0.18083809894045313        1.6614642066718517     
   5.0599998980760574       0.18092952750789526        1.6528847615433122     
   5.0699998978525400       0.18102095607533739        1.6439650113542115     
   5.0799998976290226       0.18111238464277951        1.6347028062517310     
   5.0899998974055052       0.18120381321022164        1.6250959963831377     
   5.0999998971819878       0.18129524177766376        1.6151424318956131     
   5.1099998969584703       0.18138667034510589        1.6048399629364027     
   5.1199998967349529       0.18147809891254801        1.5941864396527237     
   5.1299998965114355       0.18156952747999014        1.5831797121918072     
   5.1399998962879181       0.18166095604743226        1.5718176307008420     
   5.1499998960644007       0.18175238461487439        1.5600980453270594     
   5.1599998958408833       0.18184381318231652        1.5480188062177120     
   5.1699998956173658       0.18193524174975864        1.5355777635199885     
   5.1799998953938484       0.18202667031720077        1.5227727673810918     
   5.1899998951703310       0.18211809888464292        1.5096016679483171     
   5.1999998949468136       0.18220952745208502        1.4960623153688033     
   5.2099998947232962       0.18230095601952717        1.4821525597898173     
   5.2199998944997787       0.18239238458696927        1.4678702513585691     
   5.2299998942762613       0.18248381315441142        1.4532132402222757     
   5.2399998940527439       0.18257524172185352        1.4381793765281614     
   5.2499998938292265       0.18266667028929567        1.4227665104234575     
   5.2599998936057091       0.18275809885673780        1.4069724920553668     
   5.2699998933821917       0.18284952742417993        1.3907951715711064     
   5.2799998931586742       0.18294095599162205        1.3742323991179219     
   5.2899998929351568       0.18303238455906418        1.3572820248430233     
   5.2999998927116394       0.18312381312650630        1.3399418988936347     
   5.3099998924881220       0.18321524169394843        1.3222098714169661     
   5.3199998922646046       0.18330667026139055        1.3040837925602276     
   5.3299998920410872       0.18339809882883268        1.2855615124706787     
   5.3399998918175697       0.18348952739627480        1.2666408812955083     
   5.3499998915940523       0.18358095596371693        1.2473197491819477     
   5.3599998913705349       0.18367238453115906        1.2275959662772351     
   5.3699998911470175       0.18376381309860118        1.2074673827285594     
   5.3799998909235001       0.18385524166604331        1.1869318486831375     
   5.3899998906999826       0.18394667023348543        1.1659872142882293     
   5.3999998904764652       0.18403809880092756        1.1446313296910304     
   5.4099998902529478       0.18412952736836968        1.1228620450387794     
   5.4199998900294304       0.18422095593581181        1.1006772104786648     
   5.4299998898059130       0.18431238450325393        1.0780746761579394     
   5.4399998895823956       0.18440381307069606        1.0550522922238059     
   5.4499998893588781       0.18449524163813819        1.0316079088234957     
   5.4599998891353607       0.18458667020558031        1.0077393761042117     
   5.4699998889118433       0.18467809877302244       0.98344454421319938     
   5.4799998886883259       0.18476952734046456       0.95872126329766871     
   5.4899998884648085       0.18486095590790669       0.93356738350485102     
   5.4999998882412910       0.18495238447534884       0.90798075498193498     
   5.5099998880177736       0.18504381304279094       0.88195922787618031     
   5.5199998877942562       0.18513524161023309       0.85550065233478279     
   5.5299998875707388       0.18522667017767519       0.82860287850498082     
   5.5399998873472214       0.18531809874511734       0.80126375653398441     
   5.5499998871237040       0.18540952731255944       0.77348113656901774     
   5.5599998869001865       0.18550095588000159       0.74525286875728369     
   5.5699998866766691       0.18559238444744369       0.71657680324603490     
   5.5799998864531517       0.18568381301488585       0.68745079018246003     
   5.5899998862296343       0.18577524158232797       0.65787267971381169     
   5.5999998860061169       0.18586667014977010       0.62784032198729989     
   5.6099998857825994       0.18595809871721222       0.59735156715012749     
   5.6199998855590820       0.18604952728465435       0.56640426534955424     
   5.6299998853355646       0.18614095585209647       0.53499626673274747     
   5.6399998851120472       0.18623238441953860       0.50312542144699535     
   5.6499998848885298       0.18632381298698072       0.47078957963944390     
   5.6599998846650124       0.18641524155442285       0.43798659145734575     
   5.6699998844414949       0.18650667012186498       0.40471430704796774     
   5.6799998842179775       0.18659809868930710       0.37097057655846299     
   5.6899998839944601       0.18668952725674923       0.33675325013606994     
   5.6999998837709427       0.18678095582419135       0.30206017792804118     
   5.7099998835474253       0.18687238439163348       0.26688921008155830     
   5.7199998833239079       0.18696381295907560       0.23123819674385970     
   5.7299998831003904       0.18705524152651773       0.19510498806218379     
   5.7399998828768730       0.18714667009395985       0.15848743418374056     
   5.7499998826533556       0.18723809866140198       0.12138338525572578     
   5.7599998824298382       0.18732952722884411        8.3790691425363661E-002
   5.7699998822063208       0.18742095579628623        4.5707202839921024E-002
   5.7799998819828033       0.18751238436372836        7.1307696465794379E-003
   5.7899998817592859       0.18760381293117048       -3.1940758007436898E-002
   5.7999998815357685       0.18769524149861261       -7.1509529974917996E-002
   5.8099998813122511       0.18778667006605473      -0.11157769610861124     
   5.8199998810887337       0.18787809863349686      -0.15214740626129242     
   5.8299998808652163       0.18796952720093901      -0.19322081028580840     
   5.8399998806416988       0.18806095576838111      -0.23480005803483550     
   5.8499998804181814       0.18815238433582326      -0.27688729936122058     
   5.8599998801946640       0.18824381290326536      -0.31948468411772524     
   5.8699998799711466       0.18833524147070752      -0.36259436215712526     
   5.8799998797476292       0.18842667003814961      -0.40621848333223909     
   5.8899998795241117       0.18851809860559177      -0.45035919749579989     
   5.8999998793005943       0.18860952717303386      -0.49501865450058347     
   5.9099998790770769       0.18870095574047602      -0.54019900419945088     
   5.9199998788535595       0.18879238430791814      -0.58590239644503583     
   5.9299998786300421       0.18888381287536027      -0.63213098109019938     
   5.9399998784065247       0.18897524144280239      -0.67888690798775997     
   5.9499998781830072       0.18906667001024452      -0.72617232699045076     
   5.9599998779594898       0.18915809857768665      -0.77398938795101913     
   5.9699998777359724       0.18924952714512877      -0.82234024072229772     
   5.9799998775124550       0.18934095571257090      -0.87122703515706235     
   5.9899998772889376       0.18943238428001302      -0.92065192110808880     
   5.9999998770654202       0.18952381284745515      -0.97061704842812446     
   6.0099998768419027       0.18961524141489727       -1.0211245669699593     
   6.0199998766183853       0.18970666998233940       -1.0721766265863835     
   6.0299998763948679       0.18979809854978152       -1.1237753771302010     
   6.0399998761713505       0.18988952711722365       -1.1759229684541452     
   6.0499998759478331       0.18998095568466578       -1.2286215504110203     
   6.0599998757243156       0.19007238425210790       -1.2818732728535736     
   6.0699998755007982       0.19016381281955003       -1.3356802856346377     
   6.0799998752772808       0.19025524138699215       -1.3900447386069743     
   6.0899998750537634       0.19034666995443428       -1.4449687816233308     
   6.0999998748302460       0.19043809852187640       -1.5004545645365255     
   6.1099998746067286       0.19052952708931853       -1.5565042371992917     
   6.1199998743832111       0.19062095565676065       -1.6131199494644335     
   6.1299998741596937       0.19071238422420278       -1.6703038511847694     
   6.1399998739361763       0.19080381279164491       -1.7280580922129900     
   6.1499998737126589       0.19089524135908703       -1.7863848224019989     
   6.1599998734891415       0.19098666992652918       -1.8452861916044583     
   6.1699998732656240       0.19107809849397128       -1.9047643496731723     
   6.1799998730421066       0.19116952706141344       -1.9648214464609879     
   6.1899998728185892       0.19126095562885553       -2.0254596318205813     
   6.1999998725950718       0.19135238419629769       -2.0866810556048279     
   6.2099998723715544       0.19144381276373978       -2.1484878676664607     
   6.2199998721480370       0.19153524133118194       -2.2108822178582415     
   6.2299998719245195       0.19162666989862406       -2.2738662560330027     
   6.2399998717010021       0.19171809846606619       -2.3374421320434919     
   6.2499998714774847       0.19180952703350831       -2.4016119957424422     
   6.2599998712539673       0.19190095560095044       -2.4663779969827004     
   6.2699998710304499       0.19199238416839257       -2.5317422856170282     
   6.2799998708069324       0.19208381273583469       -2.5977070114981871     
   6.2899998705834150       0.19217524130327682       -2.6642743244789955     
   6.2999998703598976       0.19226666987071894       -2.7314463744121724     
   6.3099998701363802       0.19235809843816107       -2.7992253111505647     
   6.3199998699128628       0.19244952700560319       -2.8676132845469056     
   6.3299998696893454       0.19254095557304532       -2.9366124444539849     
   6.3399998694658279       0.19263238414048744       -3.0062249407245645     
   6.3499998692423105       0.19272381270792957       -3.0764529232114342     
   6.3599998690187931       0.19281524127537170       -3.1472985417674124     
   6.3699998687952757       0.19290666984281382       -3.2187639462451898     
   6.3799998685717583       0.19299809841025595       -3.2908512864976274     
   6.3899998683482409       0.19308952697769807       -3.3635627123775294     
   6.3999998681247234       0.19318095554514020       -3.4369003737376147     
   6.4099998679012060       0.19327238411258232       -3.5108664204306308     
   6.4199998676776886       0.19336381268002445       -3.5854630023094245     
   6.4299998674541712       0.19345524124746658       -3.6606922692267148     
   6.4399998672306538       0.19354666981490870       -3.7365563710353342     
   6.4499998670071363       0.19363809838235083       -3.8130574575880303     
   6.4599998667836189       0.19372952694979295       -3.8901976787376356     
   6.4699998665601015       0.19382095551723508       -3.9679791843368690     
   6.4799998663365841       0.19391238408467720       -4.0464041242384639     
   6.4899998661130667       0.19400381265211936       -4.1254746482953237     
   6.4999998658895493       0.19409524121956145       -4.2051929063601534     
   6.5099998656660318       0.19418666978700361       -4.2855610482857145     
