   0.00000000       0.00000000    
   3.14159282E-02   6.31040186E-02
   6.28318563E-02  0.125956491    
   9.42477882E-02  0.188306913    
  0.125663713      0.249906689    
  0.157079637      0.310510337    
  0.188495561      0.369876266    
  0.219911486      0.427767783    
  0.251327425      0.483954281    
  0.282743365      0.538211644    
  0.314159304      0.590323687    
  0.345575243      0.640082598    
  0.376991183      0.687290072    
  0.408407122      0.731757939    
  0.439823061      0.773308992    
  0.471239001      0.811777592    
  0.502654910      0.847010314    
  0.534070849      0.878866851    
  0.565486789      0.907220066    
  0.596902728      0.931957066    
  0.628318667      0.952979147    
  0.659734607      0.970202625    
  0.691150546      0.983558774    
  0.722566485      0.992994308    
  0.753982425      0.998471737    
  0.785398364      0.999969184    
  0.816814303      0.997480631    
  0.848230243      0.991016030    
  0.879646182      0.980601132    
  0.911062121      0.966277480    
  0.942478061      0.948102176    
  0.973894000      0.926147640    
   1.00530994      0.900501370    
   1.03672588      0.871265650    
   1.06814182      0.838556945    
   1.09955776      0.802505732    
   1.13097370      0.763255596    
   1.16238964      0.720963120    
   1.19380558      0.675796747    
   1.22522151      0.627936721    
   1.25663745      0.577573478    
   1.28805339      0.524908185    
   1.31946933      0.470150322    
   1.35088527      0.413518637    
   1.38230121      0.355238408    
   1.41371715      0.295542389    
   1.44513309      0.234668091    
   1.47654903      0.172858611    
   1.50796497      0.110359870    
   1.53938091       4.74214591E-02
   1.57079685      -1.57062188E-02
   1.60221279      -7.87710547E-02
   1.63362873     -0.141521901    
   1.66504467     -0.203708857    
   1.69646060     -0.265083581    
   1.72787654     -0.325401902    
   1.75929248     -0.384422898    
   1.79070842     -0.441911757    
   1.82212436     -0.497638941    
   1.85354030     -0.551382661    
   1.88495624     -0.602928340    
   1.91637218     -0.652070880    
   1.94778812     -0.698614001    
   1.97920406     -0.742372572    
   2.01061988     -0.783171833    
   2.04203582     -0.820849180    
   2.07345176     -0.855254769    
   2.10486770     -0.886251271    
   2.13628364     -0.913715065    
   2.16769958     -0.937536538    
   2.19911551     -0.957621098    
   2.23053145     -0.973888457    
   2.26194739     -0.986273766    
   2.29336333     -0.994727671    
   2.32477927     -0.999216557    
   2.35619521     -0.999722481    
   2.38761115     -0.996243358    
   2.41902709     -0.988793194    
   2.45044303     -0.977401555    
   2.48185897     -0.962113917    
   2.51327491     -0.942991138    
   2.54469085     -0.920109749    
   2.57610679     -0.893560469    
   2.60752273     -0.863449395    
   2.63893867     -0.829896510    
   2.67035460     -0.793035865    
   2.70177054     -0.753013849    
   2.73318648     -0.709990203    
   2.76460242     -0.664136529    
   2.79601836     -0.615635812    
   2.82743430     -0.564680815    
   2.85885024     -0.511474907    
   2.89026618     -0.456230253    
   2.92168212     -0.399167418    
   2.95309806     -0.340513021    
   2.98451400     -0.280501336    
   3.01592994     -0.219371513    
   3.04734588     -0.157367736    
   3.07876182      -9.47362110E-02
   3.11017776      -3.17270607E-02
   3.14159369       3.14085633E-02
   3.17300963       9.44185108E-02
   3.20442557      0.157052577    
   3.23584151      0.219060615    
   3.26725745      0.280194998    
   3.29867339      0.340212941    
   3.33008933      0.398874789    
   3.36150527      0.455946654    
   3.39292121      0.511200666    
   3.42433715      0.564417422    
   3.45575309      0.615384340    
   3.48716903      0.663898230    
   3.51858497      0.709765434    
   3.55000091      0.752803802    
   3.58141685      0.792841434    
   3.61283278      0.829718709    
   3.64424872      0.863288403    
   3.67566466      0.893417180    
   3.70708060      0.919984698    
   3.73849654      0.942885041    
   3.76991248      0.962026834    
   3.80132842      0.977334082    
   3.83274436      0.988745511    
   3.86416030      0.996215701    
   3.89557624      0.999714911    
   3.92699218      0.999229133    
   3.95840812      0.994760394    
   3.98982406      0.986326337    
   4.02123976      0.973960876    
   4.05265570      0.957713127    
   4.08407164      0.937647879    
   4.11548758      0.913844705    
   4.14690351      0.886399269    
   4.17831945      0.855420113    
   4.20973539      0.821031630    
   4.24115133      0.783370495    
   4.27256727      0.742586195    
   4.30398321      0.698842466    
   4.33539915      0.652313173    
   4.36681509      0.603182912    
   4.39823103      0.551649094    
   4.42964697      0.497915506    
   4.46106291      0.442198038    
   4.49247885      0.384717911    
   4.52389479      0.325703412    
   4.55531073      0.265391529    
   4.58672667      0.204021752    
   4.61814260      0.141837806    
   4.64955854       7.90894255E-02
   4.68097448       1.60248335E-02
   4.71239042      -4.71026823E-02
   4.74380636     -0.110042445    
   4.77522230     -0.172544509    
   4.80663824     -0.234357864    
   4.83805418     -0.295237064    
   4.86947012     -0.354940295    
   4.90088606     -0.413227826    
   4.93230200     -0.469868213    
   4.96371794     -0.524636507    
   4.99513388     -0.577312708    
   5.02654982     -0.627688468    
   5.05796576     -0.675561488    
   5.08938169     -0.720741630    
   5.12079763     -0.763049483    
   5.15221357     -0.802315176    
   5.18362951     -0.838382781    
   5.21504545     -0.871109009    
   5.24646139     -0.900362432    
   5.27787733     -0.926027298    
   5.30929327     -0.948000610    
   5.34070921     -0.966195166    
   5.37212515     -0.980538547    
   5.40354109     -0.990973234    
   5.43495703     -0.997457862    
   5.46637297     -0.999966621    
   5.49778891     -0.998489320    
   5.52920485     -0.993031979    
   5.56062078     -0.983616352    
   5.59203672     -0.970279992    
   5.62345266     -0.953075767    
   5.65486860     -0.932072759    
   5.68628454     -0.907354474    
   5.71770048     -0.879018962    
   5.74911642     -0.847180068    
   5.78053236     -0.811963677    
   5.81194830     -0.773511291    
   5.84336424     -0.731975675    
   5.87478018     -0.687521636    
   5.90619612     -0.640327811    
   5.93761206     -0.590581536    
   5.96902800     -0.538480461    
   6.00044394     -0.484233677    
   6.03185987     -0.428055882    
   6.06327581     -0.370172650    
   6.09469175     -0.310813904    
   6.12610769     -0.250215322    
   6.15752363     -0.188620254    
   6.18893957     -0.126273364    
   6.22035551      -6.34221733E-02
   6.25177145      -3.19131213E-04
   6.28318739       6.27861321E-02
   6.31460333      0.125640184    
   6.34601927      0.187993422    
   6.37743521      0.249598220    
   6.40885115      0.310207188    
   6.44026709      0.369579643    
   6.47168303      0.427479804    
   6.50309896      0.483675122    
   6.53451490      0.537942529    
   6.56593084      0.590066373    
   6.59734678      0.639837444    
   6.62876272      0.687058747    
   6.66017866      0.731540680    
   6.69159460      0.773106635    
   6.72301054      0.811591506    
   6.75442648      0.846840799    
   6.78584242      0.878714502    
   6.81725836      0.907085955    
   6.84867430      0.931841314    
   6.88009024      0.952882648    
   6.91150618      0.970125318    
   6.94292212      0.983501077    
   6.97433805      0.992956638    
   7.00575399      0.998454094    
   7.03716993      0.999971628    
   7.06858587      0.997503161    
   7.10000181      0.991058648    
   7.13141775      0.980663478    
   7.16283369      0.966359496    
   7.19424963      0.948203564    
   7.22566557      0.926267684    
   7.25708151      0.900639951    
   7.28849745      0.871422231    
   7.31991339      0.838730514    
   7.35132933      0.802695990    
   7.38274527      0.763461292    
   7.41416121      0.721183956    
   7.44557714      0.676031947    
   7.47699308      0.628184497    
   7.50840902      0.577833772    
   7.53982496      0.525179744    
   7.57124090      0.470431536    
   7.60265684      0.413808972    
   7.63407278      0.355536044    
   7.66548872      0.295846790    
   7.69690466      0.234978303    
   7.72832060      0.173172235    
   7.75973654      0.110676810    
   7.79115248       4.77402285E-02
   7.82256842      -1.53876031E-02
   7.85398436      -7.84531459E-02
   7.88540030     -0.141206920    
   7.91681623     -0.203396872    
   7.94823217     -0.264776081    
   7.97964811     -0.325100780    
   8.01106358     -0.384127825    
   8.04247952     -0.441625476    
   8.07389545     -0.497361064    
   8.10531139     -0.551115811    
   8.13672733     -0.602673709    
   8.16814327     -0.651827812    
   8.19955921     -0.698385119    
   8.23097515     -0.742158592    
   8.26239109     -0.782972455    
   8.29380703     -0.820666552    
   8.32522297     -0.855089366    
   8.35663891     -0.886103630    
   8.38805485     -0.913584948    
   8.41947079     -0.937425494    
   8.45088673     -0.957529247    
   8.48230267     -0.973815739    
   8.51371861     -0.986220956    
   8.54513454     -0.994694948    
   8.57655048     -0.999203861    
   8.60796642     -0.999729931    
   8.63938236     -0.996270955    
   8.67079830     -0.988840938    
   8.70221424     -0.977469087    
   8.73363018     -0.962200880    
   8.76504612     -0.943097770    
   8.79646206     -0.920234859    
   8.82787800     -0.893703699    
   8.85929394     -0.863610089    
   8.89070988     -0.830075085    
   8.92212582     -0.793230236    
   8.95354176     -0.753223479    
   8.98495770     -0.710215569    
   9.01637363     -0.664375424    
   9.04778957     -0.615886927    
   9.07920551     -0.564944983    
   9.11062145     -0.511749566    
   9.14203739     -0.456514210    
   9.17345333     -0.399460852    
   9.20486927     -0.340813518    
   9.23628521     -0.280807644    
   9.26770115     -0.219684258    
   9.29911709     -0.157683358    
   9.33053303      -9.50539038E-02
   9.36194897      -3.20455506E-02
   9.39336491       3.10886353E-02
   9.42478085       9.41008031E-02
   9.45619678      0.156737864    
   9.48761272      0.218748286    
   9.51902866      0.279888630    
   9.55044460      0.339913279    
   9.58186054      0.398581237    
   9.61327648      0.455662191    
   9.64469242      0.510926783    
   9.67610836      0.564153135    
   9.70752430      0.615132332    
   9.73894024      0.663659573    
   9.77035618      0.709539950    
   9.80177212      0.752593398    
   9.83318806      0.792646885    
   9.86460400      0.829539716    
   9.89601994      0.863126993    
   9.92743587      0.893273771    
   9.95885181      0.919859767    
   9.99026775      0.942778349    
   10.0216837      0.961939692    
   10.0530996      0.977266550    
   10.0845156      0.988697588    
   10.1159315      0.996187925    
   10.1473475      0.999707222    
   10.1787634      0.999241650    
   10.2101793      0.994792998    
   10.2415953      0.986378908    
   10.2730112      0.974033356    
   10.3044271      0.957804859    
   10.3358431      0.937758386    
   10.3672590      0.913974643    
   10.3986750      0.886546969    
   10.4300909      0.855585337    
   10.4615068      0.821213245    
   10.4929228      0.783568859    
   10.5243387      0.742799878    
   10.5557547      0.699070036    
   10.5871706      0.652554989    
   10.6185865      0.603437424    
   10.6500025      0.551914454    
   10.6814184      0.498193055    
   10.7128344      0.442484230    
   10.7442503      0.385011584    
   10.7756662      0.326006025    
   10.8070822      0.265699178    
   10.8384981      0.204333231    
   10.8699141      0.142154649    
   10.9013300       7.94075504E-02
   10.9327459       1.63439233E-02
   10.9641619      -4.67848554E-02
   10.9955778     -0.109725244    
   11.0269938     -0.172230154    
   11.0584097     -0.234048530    
   11.0898256     -0.294932127    
   11.1212416     -0.354641944    
   11.1526575     -0.412938088    
   11.1840734     -0.469586492    
   11.2154894     -0.524364769    
   11.2469053     -0.577052891    
   11.2783213     -0.627439260    
   11.3097372     -0.675326109    
   11.3411531     -0.720521033    
   11.3725691     -0.762842596    
   11.4039850     -0.802124619    
   11.4354010     -0.838209271    
   11.4668169     -0.870951772    
   11.4982328     -0.900223494    
   11.5296488     -0.925906837    
   11.5610647     -0.947899282    
   11.5924807     -0.966112852    
   11.6238966     -0.980475843    
   11.6553125     -0.990930557    
   11.6867285     -0.997435093    
   11.7181444     -0.999963939    
   11.7495604     -0.998506784    
   11.7809763     -0.993069649    
   11.8123922     -0.983673811    
   11.8438082     -0.970356941    
   11.8752241     -0.953172624    
   11.9066401     -0.932188332    
   11.9380560     -0.907488167    
   11.9694719     -0.879171550    
   12.0008879     -0.847349584    
   12.0323038     -0.812149942    
   12.0637197     -0.773712933    
   12.0951357     -0.732193053    
   12.1265516     -0.687753379    
   12.1579676     -0.640572190    
   12.1893835     -0.590839088    
   12.2207994     -0.538749337    
   12.2522154     -0.484512031    
   12.2836313     -0.428345114    
   12.3150473     -0.370469093    
   12.3464632     -0.311116308    
   12.3778791     -0.250525206    
   12.4092951     -0.188933656    
   12.4407110     -0.126588985    
   12.4721270      -6.37416095E-02
   12.5035429      -6.38262369E-04
   12.5349588       6.24676310E-02
   12.5663748      0.125324517    
