   0.0000000000000000      -0.71999987500000007        6.9531248189812932E-310
   9.9999997764825821E-003 -0.70235432319685565        6.9531248189812932E-310
   1.9999999552965164E-002 -0.68497578027178629        6.9531248189812932E-310
   2.9999999329447746E-002 -0.66786143845797308        6.9531248189812932E-310
   3.9999999105930328E-002 -0.65100850808059652        6.9531248189812932E-310
   4.9999998882412910E-002 -0.63441421750282700        6.9531248189812932E-310
   5.9999998658895493E-002 -0.61807581307183457        6.9531248189812932E-310
   6.9999998435378075E-002 -0.60199055906478183        6.9531248189812932E-310
   7.9999998211860657E-002 -0.58615573763482876        6.9531248189812932E-310
   8.9999997988343239E-002 -0.57056864875712998        6.9531248189812932E-310
   9.9999997764825821E-002 -0.55522661017483343        6.9531248189812932E-310
  0.10999999754130840      -0.54012695734508376        6.9531248189812932E-310
  0.11999999731779099      -0.52526704338502339        6.9531248189812932E-310
  0.12999999709427357      -0.51064423901778633        6.9531248189812932E-310
  0.13999999687075615      -0.49625593251850297        6.9531248189812932E-310
  0.14999999664723873      -0.48209952966030206        6.9531248189812932E-310
  0.15999999642372131      -0.46817245366030336        6.9531248189812932E-310
  0.16999999620020390      -0.45447214512562489        6.9531248189812932E-310
  0.17999999597668648      -0.44099606199937819        6.9531248189812932E-310
  0.18999999575316906      -0.42774167950667163        6.9531248189812932E-310
  0.19999999552965164      -0.41470649010061028        6.9531248189812932E-310
  0.20999999530613422      -0.40188800340829123        6.9531248189812932E-310
  0.21999999508261681      -0.38928374617681083        6.9531248189812932E-310
  0.22999999485909939      -0.37689126221925739        6.9531248189812932E-310
  0.23999999463558197      -0.36470811236071787        6.9531248189812932E-310
  0.24999999441206455      -0.35273187438427267        6.9531248189812932E-310
  0.25999999418854713      -0.34096014297699828        6.9531248189812932E-310
  0.26999999396502972      -0.32939052967596738        6.9531248189812932E-310
  0.27999999374151230      -0.31802066281424779        6.9531248189812932E-310
  0.28999999351799488      -0.30684818746690284        6.9531248189812932E-310
  0.29999999329447746      -0.29587076539699192        6.9531248189812932E-310
  0.30999999307096004      -0.28508607500156941        6.9531248189812932E-310
  0.31999999284744263      -0.27449181125768463        6.9531248189812932E-310
  0.32999999262392521      -0.26408568566838608        6.9531248189812932E-310
  0.33999999240040779      -0.25386542620871294        6.9531248189812932E-310
  0.34999999217689037      -0.24382877727170496        6.9531248189812932E-310
  0.35999999195337296      -0.23397349961439359        6.9531248189812932E-310
  0.36999999172985554      -0.22429737030380770        6.9531248189812932E-310
  0.37999999150633812      -0.21479818266297337        6.9531248189812932E-310
  0.38999999128282070      -0.20547374621690936        6.9531248189812932E-310
  0.39999999105930328      -0.19632188663863254        6.9531248189812932E-310
  0.40999999083578587      -0.18734044569515521        6.9531248189812932E-310
  0.41999999061226845      -0.17852728119348402        6.9531248189812932E-310
  0.42999999038875103      -0.16988026692662342        6.9531248189812932E-310
  0.43999999016523361      -0.16139729261957256        6.9531248189812932E-310
  0.44999998994171619      -0.15307626387532675        6.9531248189812932E-310
  0.45999998971819878      -0.14491510212087683        6.9531248189812932E-310
  0.46999998949468136      -0.13691174455321004        6.9531248189812932E-310
  0.47999998927116394      -0.12906414408530947        6.9531248189812932E-310
  0.48999998904764652      -0.12137026929215361        6.9531248189812932E-310
  0.49999998882412910      -0.11382810435671700        6.9531248189812932E-310
  0.50999998860061169      -0.10643564901597069        6.9531248189812932E-310
  0.51999998837709427       -9.9190918506881318E-002   6.9531248189812932E-310
  0.52999998815357685       -9.2091943512411650E-002   6.9531248189812932E-310
  0.53999998793005943       -8.5136770107519966E-002   6.9531248189812932E-310
  0.54999998770654202       -7.8323459705161247E-002   6.9531248189812932E-310
  0.55999998748302460       -7.1650089002285505E-002   6.9531248189812932E-310
  0.56999998725950718       -6.5114749925839530E-002   6.9531248189812932E-310
  0.57999998703598976       -5.8715549578766846E-002   6.9531248189812932E-310
  0.58999998681247234       -5.2450610186005449E-002   6.9531248189812932E-310
  0.59999998658895493       -4.6318069040490427E-002   6.9531248189812932E-310
  0.60999998636543751       -4.0316078449152817E-002   6.9531248189812932E-310
  0.61999998614192009       -3.4442805678919337E-002   6.9531248189812932E-310
  0.62999998591840267       -2.8696432902713943E-002   6.9531248189812932E-310
  0.63999998569488525       -2.3075157145455383E-002   6.9531248189812932E-310
  0.64999998547136784       -1.7577190230059370E-002   6.9531248189812932E-310
  0.65999998524785042       -1.2200758723437583E-002   6.9531248189812932E-310
  0.66999998502433300       -6.9441038824979810E-003   6.9531248189812932E-310
  0.67999998480081558       -1.8054816001444526E-003   6.9531248189812932E-310
  0.68999998457729816        3.2168376487224058E-003   6.9531248189812932E-310
  0.69999998435378075        8.1245688612064729E-003   6.9531248189812932E-310
  0.70999998413026333        1.2919412560414905E-002   6.9531248189812932E-310
  0.71999998390674591        1.7603054849458167E-002   6.9531248189812932E-310
  0.72999998368322849        2.2177167465451262E-002   6.9531248189812932E-310
  0.73999998345971107        2.6643407833512833E-002   6.9531248189812932E-310
  0.74999998323619366        3.1003419120764285E-002   6.9531248189812932E-310
  0.75999998301267624        3.5258830290331847E-002   6.9531248189812932E-310
  0.76999998278915882        3.9411256155344604E-002   6.9531248189812932E-310
  0.77999998256564140        4.3462297432935990E-002   6.9531248189812932E-310
  0.78999998234212399        4.7413540798242185E-002   6.9531248189812932E-310
  0.79999998211860657        5.1266558938403720E-002   6.9531248189812932E-310
  0.80999998189508915        5.5022910606564342E-002   6.9531248189812932E-310
  0.81999998167157173        5.8684140675871611E-002   6.9531248189812932E-310
  0.82999998144805431        6.2251780193476526E-002   6.9531248189812932E-310
  0.83999998122453690        6.5727346434533512E-002   6.9531248189812932E-310
  0.84999998100101948        6.9112342956200737E-002   6.9531248189812932E-310
  0.85999998077750206        7.2408259651639759E-002   6.9531248189812932E-310
  0.86999998055398464        7.5616572804015708E-002   6.9531248189812932E-310
  0.87999998033046722        7.8738745140497321E-002   6.9531248189812932E-310
  0.88999998010694981        8.1776225886256465E-002   6.9531248189812932E-310
  0.89999997988343239        8.4730450818468750E-002   6.9531248189812932E-310
  0.90999997965991497        8.7602842320313193E-002   6.9531248189812932E-310
  0.91999997943639755        9.0394809434972107E-002   6.9531248189812932E-310
  0.92999997921288013        9.3107747919631431E-002   6.9531248189812932E-310
  0.93999997898936272        9.5743040299480289E-002   6.9531248189812932E-310
  0.94999997876584530        9.8302055921711276E-002   6.9531248189812932E-310
  0.95999997854232788       0.10078615100952032        6.9531248189812932E-310
  0.96999997831881046       0.10319666871610678        6.9531248189812932E-310
  0.97999997809529305       0.10553493917867326        6.9531248189812932E-310
  0.98999997787177563       0.10780227957242573        6.9531248189812932E-310
  0.99999997764825821       0.10999999416457348        6.9531248189812932E-310
   1.0099999774247408       0.11212937436832904       0.11039999816698948     
   1.0199999772012234       0.11419169879690823       0.11079999822804877     
   1.0299999769777060       0.11618823331753016       0.11119999828910808     
   1.0399999767541885       0.11812023110541708       0.11159999835016737     
   1.0499999765306711       0.11998893269779469       0.11199999841122668     
   1.0599999763071537       0.12179556604789164       0.11239999847228599     
   1.0699999760836363       0.12354134657893993       0.11279999853334528     
   1.0799999758601189       0.12522747723817473       0.11319999859440459     
   1.0899999756366014       0.12685514855083432       0.11359999865546389     
   1.0999999754130840       0.12842553867416029       0.11399999871652319     
   1.1099999751895666       0.12993981345139696       0.11439999877758249     
   1.1199999749660492       0.13139912646579227       0.11479999883864180     
   1.1299999747425318       0.13280461909459709       0.11519999889970109     
   1.1399999745190144       0.13415742056306518       0.11559999896076040     
   1.1499999742954969       0.13545864799845356       0.11599999902181969     
   1.1599999740719795       0.13670940648402233       0.11639999908287900     
   1.1699999738484621       0.13791078911303459       0.11679999914393829     
   1.1799999736249447       0.13906387704275644       0.11719999920499760     
   1.1899999734014273       0.14016973954845699       0.11759999926605691     
   1.1999999731779099       0.14122943407740843       0.11799999932711620     
   1.2099999729543924       0.14224400630288578       0.11839999938817551     
   1.2199999727308750       0.14321449017816723       0.11879999944923481     
   1.2299999725073576       0.14414190799053381       0.11919999951029411     
   1.2399999722838402       0.14502727041526930       0.11959999957135341     
   1.2499999720603228       0.14587157656966082       0.11999999963241272     
   1.2599999718368053       0.14667581406699803       0.12039999969347201     
   1.2699999716132879       0.14744095907057370       0.12079999975453132     
   1.2799999713897705       0.14816797634768342       0.12119999981559063     
   1.2899999711662531       0.14885781932362541       0.12159999987664992     
   1.2999999709427357       0.14951143013570112       0.12199999993770923     
   1.3099999707192183       0.15012973968721466       0.12239999999876852     
   1.3199999704957008       0.15071366770147282       0.12280000005982783     
   1.3299999702721834       0.15126412277578535       0.12320000012088712     
   1.3399999700486660       0.15178200243546472       0.12360000018194643     
   1.3499999698251486       0.15226819318782631       0.12400000024300573     
   1.3599999696016312       0.15272357057618791       0.12440000030406503     
   1.3699999693781137       0.15314899923387046       0.12480000036512433     
   1.3799999691545963       0.15354533293819736       0.12520000042618362     
   1.3899999689310789       0.15391341466449471       0.12560000048724293     
   1.3999999687075615       0.15425407664009158       0.12600000054830224     
   1.4099999684840441       0.15456814039831934       0.12640000060936155     
   1.4199999682605267       0.15485641683251208       0.12680000067042085     
   1.4299999680370092       0.15511970625000693       0.12720000073148013     
   1.4399999678134918       0.15535879842614322       0.12760000079253944     
   1.4499999675899744       0.15557447265826299       0.12800000085359875     
   1.4599999673664570       0.15576749781971105       0.12840000091465806     
   1.4699999671429396       0.15593863241383452       0.12880000097571734     
   1.4799999669194221       0.15608862462798345       0.12920000103677665     
   1.4899999666959047       0.15621821238751002       0.12960000109783595     
   1.4999999664723873       0.15632812340976934       0.13000000115889526     
   1.5099999662488699       0.15641907525811874       0.13040000121995454     
   1.5199999660253525       0.15649177539591824       0.13080000128101385     
   1.5299999658018351       0.15654692124053030       0.13120000134207316     
   1.5399999655783176       0.15658520021731970       0.13160000140313247     
   1.5499999653548002       0.15660728981365404       0.13200000146419177     
   1.5599999651312828       0.15661385763290306       0.13240000152525105     
   1.5699999649077654       0.15660556144843907       0.13280000158631036     
   1.5799999646842480       0.15658304925763661       0.13320000164736967     
   1.5899999644607306       0.15654695933587298       0.13360000170842898     
   1.5999999642372131       0.15649792029052742       0.13400000176948826     
   1.6099999640136957       0.15643655111498195       0.13440000183054757     
   1.6199999637901783       0.15636346124262065       0.13480000189160687     
   1.6299999635666609       0.15627925060083009       0.13520000195266618     
   1.6399999633431435       0.15618450966499903       0.13560000201372546     
   1.6499999631196260       0.15607981951251879       0.13600000207478477     
   1.6599999628961086       0.15596575187678269       0.13640000213584408     
   1.6699999626725912       0.15584286920118648       0.13680000219690339     
   1.6799999624490738       0.15571172469312813       0.13720000225796269     
   1.6899999622255564       0.15557286237800791       0.13760000231902197     
   1.6999999620020390       0.15542681715322837       0.13800000238008128     
   1.7099999617785215       0.15527411484219389       0.13840000244114059     
   1.7199999615550041       0.15511527224831168       0.13880000250219990     
   1.7299999613314867       0.15495079720899066       0.13920000256325921     
   1.7399999611079693       0.15478118864964219       0.13960000262431849     
   1.7499999608844519       0.15460693663767938       0.14000000268537779     
   1.7599999606609344       0.15442852243651803       0.14040000274643710     
   1.7699999604374170       0.15424641855957560       0.14080000280749638     
   1.7799999602138996       0.15406108882427194       0.14120000286855569     
   1.7899999599903822       0.15387298840602900       0.14160000292961500     
   1.7999999597668648       0.15368256389227059       0.14200000299067431     
   1.8099999595433474       0.15349025333642266       0.14240000305173361     
   1.8199999593198299       0.15329648631191325       0.14280000311279289     
   1.8299999590963125       0.15310168396617255       0.14320000317385220     
   1.8399999588727951       0.15290625907463262       0.14360000323491151     
   1.8499999586492777       0.15271061609472744       0.14400000329597082     
   1.8599999584257603       0.15251515121989320       0.14440000335703013     
   1.8699999582022429       0.15232025243356792       0.14480000341808941     
   1.8799999579787254       0.15212629956319154       0.14520000347914871     
   1.8899999577552080       0.15193366433420602       0.14560000354020802     
   1.8999999575316906       0.15174271042405521       0.14600000360126730     
   1.9099999573081732       0.15155379351618498       0.14640000366232661     
   1.9199999570846558       0.15136726135404294       0.14680000372338592     
   1.9299999568611383       0.15118345379507853       0.14720000378444523     
   1.9399999566376209       0.15100270286474332       0.14760000384550453     
   1.9499999564141035       0.15082533281049040       0.14800000390656382     
   1.9599999561905861       0.15065166015577497       0.14840000396762312     
   1.9699999559670687       0.15048199375405394       0.14880000402868243     
   1.9799999557435513       0.15031663484278593       0.14920000408974174     
   1.9899999555200338       0.15015587709743153       0.14960000415080105     
   1.9999999552965164       0.15000000668545288       0.15000000421186033     
   2.0099999550729990       0.14984930232031410       0.15030000466218993     
   2.0199999548494816       0.14970403531548090       0.15060000466548440     
   2.0299999546259642       0.14956446963842068       0.15090000466877887     
   2.0399999544024467       0.14943086196460292       0.15120000467207334     
   2.0499999541789293       0.14930346173149814       0.15150000467536784     
   2.0599999539554119       0.14918251119257916       0.15180000467866231     
   2.0699999537318945       0.14906824547132000       0.15210000468195678     
   2.0799999535083771       0.14896089261519677       0.15240000468525125     
   2.0899999532848597       0.14886067364968683       0.15270000468854572     
   2.0999999530613422       0.14876780263226935       0.15300000469184022     
   2.1099999528378248       0.14868248670642498       0.15330000469513469     
   2.1199999526143074       0.14860492615563620       0.15360000469842916     
   2.1299999523907900       0.14853531445738674       0.15390000470172363     
   2.1399999521672726       0.14847383833716210       0.15420000470501813     
   2.1499999519437551       0.14842067782244928       0.15450000470831260     
   2.1599999517202377       0.14837600629673683       0.15480000471160707     
   2.1699999514967203       0.14833999055351466       0.15510000471490154     
   2.1799999512732029       0.14831279085027430       0.15540000471819604     
   2.1899999510496855       0.14829456096250884       0.15570000472149051     
   2.1999999508261681       0.14828544823771267       0.15600000472478498     
   2.2099999506026506       0.14828559364938171       0.15630000472807945     
   2.2199999503791332       0.14829513185101328       0.15660000473137395     
   2.2299999501556158       0.14831419123010622       0.15690000473466842     
   2.2399999499320984       0.14834289396216060       0.15720000473796289     
   2.2499999497085810       0.14838135606467798       0.15750000474125736     
   2.2599999494850636       0.14842968745116131       0.15780000474455186     
   2.2699999492615461       0.14848799198511484       0.15810000474784633     
   2.2799999490380287       0.14855636753404425       0.15840000475114080     
   2.2899999488145113       0.14863490602345641       0.15870000475443527     
   2.2999999485909939       0.14872369349085962       0.15900000475772977     
   2.3099999483674765       0.14882281013976342       0.15930000476102424     
   2.3199999481439590       0.14893233039367867       0.15960000476431871     
   2.3299999479204416       0.14905232295011742       0.15990000476761318     
   2.3399999476969242       0.14918285083459301       0.16020000477090768     
   2.3499999474734068       0.14932397145462017       0.16050000477420215     
   2.3599999472498894       0.14947573665371444       0.16080000477749662     
   2.3699999470263720       0.14963819276539306       0.16110000478079109     
   2.3799999468028545       0.14981138066717403       0.16140000478408556     
   2.3899999465793371       0.14999533583457689       0.16170000478738006     
   2.3999999463558197       0.15019008839512202       0.16200000479067453     
   2.4099999461323023       0.15039566318233119       0.16230000479396900     
   2.4199999459087849       0.15061207978972718       0.16260000479726347     
   2.4299999456852674       0.15083935262483372       0.16290000480055797     
   2.4399999454617500       0.15107749096317602       0.16320000480385244     
   2.4499999452382326       0.15132649900228015       0.16350000480714691     
   2.4599999450147152       0.15158637591567309       0.16380000481044138     
   2.4699999447911978       0.15185711590688317       0.16410000481373588     
   2.4799999445676804       0.15213870826343956       0.16440000481703035     
   2.4899999443441629       0.15243113741087250       0.16470000482032482     
   2.4999999441206455       0.15273438296671332       0.16500000482361929     
   2.5099999438971281       0.15304841979449429       0.16530000482691379     
   2.5199999436736107       0.15337321805774840       0.16560000483020826     
   2.5299999434500933       0.15370874327401007       0.16590000483350273     
   2.5399999432265759       0.15405495636881433       0.16620000483679720     
   2.5499999430030584       0.15441181372969714       0.16650000484009170     
   2.5599999427795410       0.15477926726019553       0.16680000484338617     
   2.5699999425560236       0.15515726443384745       0.16710000484668064     
   2.5799999423325062       0.15554574834819146       0.16740000484997511     
   2.5899999421089888       0.15594465777876720       0.16770000485326958     
   2.5999999418854713       0.15635392723311520       0.16800000485656408     
   2.6099999416619539       0.15677348700477670       0.16830000485985855     
   2.6199999414384365       0.15720326322729392       0.16860000486315302     
   2.6299999412149191       0.15764317792820948       0.16890000486644752     
   2.6399999409914017       0.15809314908306735       0.16920000486974199     
   2.6499999407678843       0.15855309066941187       0.16950000487303646     
   2.6599999405443668       0.15902291272078836       0.16980000487633093     
   2.6699999403208494       0.15950252138074272       0.17010000487962540     
   2.6799999400973320       0.15999181895682169       0.17040000488291990     
   2.6899999398738146       0.16049070397457266       0.17070000488621437     
   2.6999999396502972       0.16099907123154386       0.17100000488950884     
   2.7099999394267797       0.16151681185128400       0.17130000489280334     
   2.7199999392032623       0.16204381333734250       0.17160000489609781     
   2.7299999389797449       0.16257995962726954       0.17190000489939228     
   2.7399999387562275       0.16312513114661581       0.17220000490268675     
   2.7499999385327101       0.16367920486293278       0.17250000490598122     
   2.7599999383091927       0.16424205433977238       0.17280000490927572     
   2.7699999380856752       0.16481354979068705       0.17310000491257019     
   2.7799999378621578       0.16539355813323020       0.17340000491586466     
   2.7899999376386404       0.16598194304295530       0.17370000491915913     
   2.7999999374151230       0.16657856500741675       0.17400000492245363     
   2.8099999371916056       0.16718328138016916       0.17430000492574810     
   2.8199999369680882       0.16779594643476803       0.17460000492904257     
   2.8299999367445707       0.16841641141876895       0.17490000493233704     
   2.8399999365210533       0.16904452460772831       0.17520000493563154     
   2.8499999362975359       0.16968013135920282       0.17550000493892601     
   2.8599999360740185       0.17032307416674961       0.17580000494222048     
   2.8699999358505011       0.17097319271392639       0.17610000494551495     
   2.8799999356269836       0.17163032392829108       0.17640000494880945     
   2.8899999354034662       0.17229430203540233       0.17670000495210392     
   2.8999999351799488       0.17296495861281885       0.17700000495539839     
   2.9099999349564314       0.17364212264409981       0.17730000495869286     
   2.9199999347329140       0.17432562057280498       0.17760000496198736     
   2.9299999345093966       0.17501527635649411       0.17790000496528183     
   2.9399999342858791       0.17571091152072749       0.17820000496857630     
   2.9499999340623617       0.17641234521306573       0.17850000497187077     
   2.9599999338388443       0.17711939425706963       0.17880000497516524     
   2.9699999336153269       0.17783187320630045       0.17910000497845974     
   2.9799999333918095       0.17854959439831949       0.17940000498175421     
   2.9899999331682920       0.17927236800868851       0.17970000498504868     
   2.9999999329447746       0.18000000210496939       0.18000000498834318     
   3.0099999327212572       0.18073230270072418       0.18060000284327624     
   3.0199999324977398       0.18146907380951535       0.18120000270986519     
   3.0299999322742224       0.18221011749890531       0.18180000257645415     
   3.0399999320507050       0.18295523394445681       0.18240000244304311     
   3.0499999318271875       0.18370422148373278       0.18300000230963206     
   3.0599999316036701       0.18445687667029614       0.18360000217622102     
   3.0699999313801527       0.18521299432771005       0.18420000204280998     
   3.0799999311566353       0.18597236760353780       0.18480000190939894     
   3.0899999309331179       0.18673478802334270       0.18540000177598789     
   3.0999999307096004       0.18750004554468819       0.18600000164257685     
   3.1099999304860830       0.18826792861113784       0.18660000150916581     
   3.1199999302625656       0.18903822420625510       0.18720000137575477     
   3.1299999300390482       0.18981071790760368       0.18780000124234372     
   3.1399999298155308       0.19058519394074711       0.18840000110893268     
   3.1499999295920134       0.19136143523324911       0.18900000097552164     
   3.1599999293684959       0.19213922346867321       0.18960000084211059     
   3.1699999291449785       0.19291833914058312       0.19020000070869955     
   3.1799999289214611       0.19369856160654220       0.19080000057528851     
   3.1899999286979437       0.19447966914211415       0.19140000044187747     
   3.1999999284744263       0.19526143899486234       0.19200000030846642     
   3.2099999282509089       0.19604364743835007       0.19260000017505538     
   3.2199999280273914       0.19682606982614070       0.19320000004164434     
   3.2299999278038740       0.19760848064579728       0.19379999990823329     
   3.2399999275803566       0.19839065357288282       0.19439999977482225     
   3.2499999273568392       0.19917236152496021       0.19499999964141121     
   3.2599999271333218       0.19995337671559207       0.19559999950800017     
   3.2699999269098043       0.20073347070834108       0.19619999937458912     
   3.2799999266862869       0.20151241447076940       0.19679999924117808     
   3.2899999264627695       0.20228997842843924       0.19739999910776704     
   3.2999999262392521       0.20306593251891253       0.19799999897435600     
   3.3099999260157347       0.20384004624575078       0.19859999884094495     
   3.3199999257922173       0.20461208873251552       0.19919999870753391     
   3.3299999255686998       0.20538182877676789       0.19979999857412287     
   3.3399999253451824       0.20614903490406869       0.20039999844071182     
   3.3499999251216650       0.20691347542197858       0.20099999830730078     
   3.3599999248981476       0.20767491847405764       0.20159999817388974     
   3.3699999246746302       0.20843313209386588       0.20219999804047870     
   3.3799999244511127       0.20918788425896281       0.20279999790706765     
   3.3899999242275953       0.20993894294490778       0.20339999777365661     
   3.3999999240040779       0.21068607617925944       0.20399999764024557     
   3.4099999237805605       0.21142905209557630       0.20459999750683452     
   3.4199999235570431       0.21216763898741642       0.20519999737342348     
   3.4299999233335257       0.21290160536233738       0.20579999724001244     
   3.4399999231100082       0.21363071999589628       0.20639999710660140     
   3.4499999228864908       0.21435475198564996       0.20699999697319038     
   3.4599999226629734       0.21507347080515460       0.20759999683977931     
   3.4699999224394560       0.21578664635796599       0.20819999670636830     
   3.4799999222159386       0.21649404903163941       0.20879999657295722     
   3.4899999219924212       0.21719544975172955       0.20939999643954621     
   3.4999999217689037       0.21789062003579077       0.20999999630613514     
   3.5099999215453863       0.21857933204737656       0.21059999617272412     
   3.5199999213218689       0.21926135865004018       0.21119999603931308     
   3.5299999210983515       0.21993647346133416       0.21179999590590204     
   3.5399999208748341       0.22060445090681036       0.21239999577249097     
   3.5499999206513166       0.22126506627402029       0.21299999563907995     
   3.5599999204277992       0.22191809576651450       0.21359999550566891     
   3.5699999202042818       0.22256331655784317       0.21419999537225787     
   3.5799999199807644       0.22320050684555579       0.21479999523884682     
   3.5899999197572470       0.22382944590520104       0.21539999510543578     
   3.5999999195337296       0.22444991414432708       0.21599999497202474     
   3.6099999193102121       0.22506169315648122       0.21659999483861370     
   3.6199999190866947       0.22566456577521013       0.21719999470520265     
   3.6299999188631773       0.22625831612805983       0.21779999457179161     
   3.6399999186396599       0.22684272969057553       0.21839999443838057     
   3.6499999184161425       0.22741759334030162       0.21899999430496953     
   3.6599999181926250       0.22798269541078178       0.21959999417155848     
   3.6699999179691076       0.22853782574555895       0.22019999403814744     
   3.6799999177455902       0.22908277575217506       0.22079999390473640     
   3.6899999175220728       0.22961733845617155       0.22139999377132535     
   3.6999999172985554       0.23014130855508874       0.22199999363791431     
   3.7099999170750380       0.23065448247246609       0.22259999350450327     
   3.7199999168515205       0.23115665841184255       0.22319999337109223     
   3.7299999166280031       0.23164763641075570       0.22379999323768118     
   3.7399999164044857       0.23212721839474260       0.22439999310427014     
   3.7499999161809683       0.23259520823133917       0.22499999297085910     
   3.7599999159574509       0.23305141178408059       0.22559999283744805     
   3.7699999157339334       0.23349563696650091       0.22619999270403701     
   3.7799999155104160       0.23392769379613329       0.22679999257062597     
   3.7899999152868986       0.23434739444850997       0.22739999243721493     
   3.7999999150633812       0.23475455331116224       0.22799999230380388     
   3.8099999148398638       0.23514898703762019       0.22859999217039284     
   3.8199999146163464       0.23553051460141305       0.22919999203698180     
   3.8299999143928289       0.23589895735006911       0.22979999190357076     
   3.8399999141693115       0.23625413905911516       0.23039999177015971     
   3.8499999139457941       0.23659588598607748       0.23099999163674867     
   3.8599999137222767       0.23692402692448097       0.23159999150333763     
   3.8699999134987593       0.23723839325784946       0.23219999136992658     
   3.8799999132752419       0.23753881901370572       0.23279999123651554     
   3.8899999130517244       0.23782514091757131       0.23339999110310450     
   3.8999999128282070       0.23809719844696689       0.23399999096969346     
   3.9099999126046896       0.23835483388541159       0.23459999083628241     
   3.9199999123811722       0.23859789237642356       0.23519999070287137     
   3.9299999121576548       0.23882622197751979       0.23579999056946033     
   3.9399999119341373       0.23903967371421617       0.23639999043604928     
   3.9499999117106199       0.23923810163402698       0.23699999030263824     
   3.9599999114871025       0.23942136286046570       0.23759999016922720     
   3.9699999112635851       0.23958931764704430       0.23819999003581616     
   3.9799999110400677       0.23974182943127359       0.23879998990240511     
   3.9899999108165503       0.23987876488866308       0.23939998976899407     
   3.9999999105930328       0.23999999398672092       0.23999998963558303     
   4.0099999103695154       0.24010539003895412       0.23930000134413329     
   4.0199999101459980       0.24019482975886813       0.23860000142977950     
   4.0299999099224806       0.24026819331396723       0.23790000151542573     
   4.0399999096989632       0.24032536437975421       0.23720000160107194     
   4.0499999094754457       0.24036623019373063       0.23650000168671817     
   4.0599999092519283       0.24039068160939664       0.23580000177236438     
   4.0699999090284109       0.24039861315025088       0.23510000185801058     
   4.0799999088048935       0.24038992306379056       0.23440000194365682     
   4.0899999085813761       0.24036451337551173       0.23370000202930302     
   4.0999999083578587       0.24032228994290861       0.23300000211494926     
   4.1099999081343412       0.24026316250947424       0.23230000220059546     
   4.1199999079108238       0.24018704475870001       0.23160000228624170     
   4.1299999076873064       0.24009385436807590       0.23090000237188790     
   4.1399999074637890       0.23998351306309038       0.23020000245753411     
   4.1499999072402716       0.23985594667123031       0.22950000254318034     
   4.1599999070167542       0.23971108517598119       0.22880000262882655     
   4.1699999067932367       0.23954886277082668       0.22810000271447278     
   4.1799999065697193       0.23936921791324925       0.22740000280011899     
   4.1899999063462019       0.23917209337872936       0.22670000288576519     
   4.1999999061226845       0.23895743631474611       0.22600000297141143     
   4.2099999058991671       0.23872519829477701       0.22530000305705764     
   4.2199999056756496       0.23847533537229787       0.22460000314270387     
   4.2299999054521322       0.23820780813478282       0.22390000322835008     
   4.2399999052286148       0.23792258175770428       0.22320000331399631     
   4.2499999050050974       0.23761962605853323       0.22250000339964252     
   4.2599999047815800       0.23729891555073876       0.22180000348528872     
   4.2699999045580626       0.23696042949778817       0.22110000357093496     
   4.2799999043345451       0.23660415196714718       0.22040000365658116     
   4.2899999041110277       0.23623007188427986       0.21970000374222740     
   4.2999999038875103       0.23583818308664825       0.21900000382787360     
   4.3099999036639929       0.23542848437771294       0.21830000391351984     
   4.3199999034404755       0.23500097958093233       0.21760000399916604     
   4.3299999032169580       0.23455567759376339       0.21690000408481225     
   4.3399999029934406       0.23409259244166114       0.21620000417045848     
   4.3499999027699232       0.23361174333207879       0.21550000425610469     
   4.3599999025464058       0.23311315470846752       0.21480000434175092     
   4.3699999023228884       0.23259685630427690       0.21410000442739713     
   4.3799999020993710       0.23206288319695456       0.21340000451304336     
   4.3899999018758535       0.23151127586194614       0.21270000459868957     
   4.3999999016523361       0.23094208022669541       0.21200000468433577     
   4.4099999014288187       0.23035534772464428       0.21130000476998201     
   4.4199999012053013       0.22975113534923264       0.21060000485562821     
   4.4299999009817839       0.22912950570789845       0.20990000494127445     
   4.4399999007582664       0.22849052707607770       0.20920000502692065     
   4.4499999005347490       0.22783427345120444       0.20850000511256689     
   4.4599999003112316       0.22716082460671064       0.20780000519821309     
   4.4699999000877142       0.22647026614602631       0.20710000528385930     
   4.4799998998641968       0.22576268955657935       0.20640000536950553     
   4.4899998996406794       0.22503819226379576       0.20570000545515174     
   4.4999998994171619       0.22429687768509929       0.20500000554079795     
   4.5099998991936445       0.22353885528391182       0.20430000562644418     
   4.5199998989701271       0.22276424062365294       0.20360000571209041     
   4.5299998987466097       0.22197315542174023       0.20290000579773662     
   4.5399998985230923       0.22116572760358910       0.20220000588338283     
   4.5499998982995749       0.22034209135661295       0.20150000596902906     
   4.5599998980760574       0.21950238718422282       0.20080000605467527     
   4.5699998978525400       0.21864676195982788       0.20010000614032147     
   4.5799998976290226       0.21777536898083463       0.19940000622596771     
   4.5899998974055052       0.21688836802264794       0.19870000631161391     
   4.5999998971819878       0.21598592539266995       0.19800000639726015     
   4.6099998969584703       0.21506821398430101       0.19730000648290635     
   4.6199998967349529       0.21413541333093883       0.19660000656855259     
   4.6299998965114355       0.21318770965997919       0.19590000665419879     
   4.6399998962879181       0.21222529594681538       0.19520000673984500     
   4.6499998960644007       0.21124837196883839       0.19450000682549123     
   4.6599998958408833       0.21025714435943715       0.19380000691113744     
   4.6699998956173658       0.20925182666199799       0.19310000699678367     
   4.6799998953938484       0.20823263938390507       0.19240000708242988     
   4.6899998951703310       0.20719981005054000       0.19170000716807611     
   4.6999998949468136       0.20615357325928216       0.19100000725372232     
   4.7099998947232962       0.20509417073350872       0.19030000733936853     
   4.7199998944997787       0.20402185137659407       0.18960000742501476     
   4.7299998942762613       0.20293687132591054       0.18890000751066097     
   4.7399998940527439       0.20183949400682766       0.18820000759630720     
   4.7499998938292265       0.20072999018671292       0.18750000768195341     
   4.7599998936057091       0.19960863802893097       0.18680000776759964     
   4.7699998933821917       0.19847572314684436       0.18610000785324585     
   4.7799998931586742       0.19733153865781286       0.18540000793889205     
   4.7899998929351568       0.19617638523719375       0.18470000802453829     
   4.7999998927116394       0.19501057117234197       0.18400000811018449     
   4.8099998924881220       0.19383441241660973       0.18330000819583070     
   4.8199998922646046       0.19264823264334685       0.18260000828147693     
   4.8299998920410872       0.19145236329990042       0.18190000836712317     
   4.8399998918175697       0.19024714366161508       0.18120000845276937     
   4.8499998915940523       0.18903292088583279       0.18050000853841558     
   4.8599998913705349       0.18781005006589294       0.17980000862406181     
   4.8699998911470175       0.18657889428513225       0.17910000870970802     
   4.8799998909235001       0.18533982467088489       0.17840000879535423     
   4.8899998906999826       0.18409322044848217       0.17770000888100046     
   4.8999998904764652       0.18283946899525289       0.17700000896664669     
   4.9099998902529478       0.18157896589452313       0.17630000905229290     
   4.9199998900294304       0.18031211498961633       0.17560000913793911     
   4.9299998898059130       0.17903932843785297       0.17490000922358534     
   4.9399998895823956       0.17776102676455102       0.17420000930923155     
   4.9499998893588781       0.17647763891702573       0.17350000939487775     
   4.9599998891353607       0.17518960231858927       0.17280000948052399     
   4.9699998889118433       0.17389736292255140       0.17210000956617022     
   4.9799998886883259       0.17260137526621885       0.17140000965181643     
   4.9899998884648085       0.17130210252489567       0.17070000973746263     
   4.9999998882412910       0.17000001656588287       0.17000000982310887     
   5.0099998880177736       0.16869559800247888       0.16980000427964409     
   5.0199998877942562       0.16738933624797914       0.16960000432411443     
   5.0299998875707388       0.16608172956967615       0.16940000436858479     
   5.0399998873472214       0.16477328514285972       0.16920000441305513     
   5.0499998871237040       0.16346451910481638       0.16900000445752547     
   5.0599998869001865       0.16215595660883028       0.16880000450199584     
   5.0699998866766691       0.16084813187818214       0.16860000454646618     
   5.0799998864531517       0.15954158826015000       0.16840000459093651     
   5.0899998862296343       0.15823687828000874       0.16820000463540688     
   5.0999998860061169       0.15693456369503056       0.16800000467987722     
   5.1099998857825994       0.15563521554848431       0.16780000472434756     
   5.1199998855590820       0.15433941422363609       0.16760000476881792     
   5.1299998853355646       0.15304774949774885       0.16740000481328826     
   5.1399998851120472       0.15176082059608254       0.16720000485775860     
   5.1499998848885298       0.15047923624589390       0.16700000490222897     
   5.1599998846650124       0.14920361473043692       0.16680000494669930     
   5.1699998844414949       0.14793458394296213       0.16660000499116964     
   5.1799998842179775       0.14667278144071719       0.16640000503563998     
   5.1899998839944601       0.14541885449894659       0.16620000508011035     
   5.1999998837709427       0.14417346016489166       0.16600000512458069     
   5.2099998835474253       0.14293726531179066       0.16580000516905102     
   5.2199998833239079       0.14171094669287843       0.16560000521352139     
   5.2299998831003904       0.14049519099538693       0.16540000525799173     
   5.2399998828768730       0.13929069489454488       0.16520000530246207     
   5.2499998826533556       0.13809816510757750       0.16500000534693243     
   5.2599998824298382       0.13691831844770722       0.16480000539140277     
   5.2699998822063208       0.13575188187815279       0.16460000543587311     
   5.2799998819828033       0.13459959256613008       0.16440000548034348     
   5.2899998817592859       0.13346219793685135       0.16420000552481381     
   5.2999998815357685       0.13234045572752584       0.16400000556928415     
   5.3099998813122511       0.13123513404135945       0.16380000561375452     
   5.3199998810887337       0.13014701140155438       0.16360000565822486     
   5.3299998808652163       0.12907687680531019       0.16340000570269519     
   5.3399998806416988       0.12802552977782242       0.16320000574716556     
   5.3499998804181814       0.12699378042628370       0.16300000579163590     
   5.3599998801946640       0.12598244949388293       0.16280000583610624     
   5.3699998799711466       0.12499236841380598       0.16260000588057660     
   5.3799998797476292       0.12402437936323493       0.16240000592504694     
   5.3899998795241117       0.12307933531734877       0.16220000596951728     
   5.3999998793005943       0.12215810010332281       0.16200000601398765     
   5.4099998790770769       0.12126154845432902       0.16180000605845798     
   5.4199998788535595       0.12039056606353586       0.16160000610292832     
   5.4299998786300421       0.11954604963810825       0.16140000614739869     
   5.4399998784065247       0.11872890695320763       0.16120000619186903     
   5.4499998781830072       0.11794005690599210       0.16100000623633937     
   5.4599998779594898       0.11718042956961594       0.16080000628080970     
   5.4699998777359724       0.11645096624723000       0.16060000632528007     
   5.4799998775124550       0.11575261952598176       0.16040000636975041     
   5.4899998772889376       0.11508635333101469       0.16020000641422075     
   5.4999998770654202       0.11445314297946912       0.16000000645869111     
   5.5099998768419027       0.11385397523448135       0.15980000650316145     
   5.5199998766183853       0.11328984835918444       0.15960000654763179     
   5.5299998763948679       0.11276177217070760       0.15940000659210216     
   5.5399998761713505       0.11227076809417627       0.15920000663657249     
   5.5499998759478331       0.11181786921671258       0.15900000668104283     
   5.5599998757243156       0.11140412034143453       0.15880000672551320     
   5.5699998755007982       0.11103057804145672       0.15860000676998354     
   5.5799998752772808       0.11069831071389012       0.15840000681445388     
   5.5899998750537634       0.11040839863384155       0.15820000685892424     
   5.5999998748302460       0.11016193400841434       0.15800000690339458     
   5.6099998746067286       0.10996002103070816       0.15780000694786492     
   5.6199998743832111       0.10980377593381874       0.15760000699233528     
   5.6299998741596937       0.10969432704483800       0.15740000703680562     
   5.6399998739361763       0.10963281483885412       0.15720000708127596     
   5.6499998737126589       0.10962039199295147       0.15700000712574633     
   5.6599998734891415       0.10965822344021049       0.15680000717021667     
   5.6699998732656240       0.10974748642370792       0.15660000721468700     
   5.6799998730421066       0.10988937055051631       0.15640000725915737     
   5.6899998728185892       0.11008507784570477       0.15620000730362771     
   5.6999998725950718       0.11033582280633815       0.15600000734809805     
   5.7099998723715544       0.11064283245547749       0.15580000739256838     
   5.7199998721480370       0.11100734639617998       0.15560000743703875     
   5.7299998719245195       0.11143061686549871       0.15540000748150909     
   5.7399998717010021       0.11191390878848302       0.15520000752597946     
   5.7499998714774847       0.11245849983217798       0.15500000757044979     
   5.7599998712539673       0.11306568045962492       0.15480000761492013     
   5.7699998710304499       0.11373675398386104       0.15460000765939047     
   5.7799998708069324       0.11447303662191947       0.15440000770386084     
   5.7899998705834150       0.11527585754882945       0.15420000774833117     
   5.7999998703598976       0.11614655895161606       0.15400000779280151     
   5.8099998701363802       0.11708649608330035       0.15380000783727188     
   5.8199998699128628       0.11809703731689918       0.15360000788174222     
   5.8299998696893454       0.11917956419942544       0.15340000792621256     
   5.8399998694658279       0.12033547150588783       0.15320000797068292     
   5.8499998692423105       0.12156616729329092       0.15300000801515326     
   5.8599998690187931       0.12287307295463522       0.15280000805962360     
   5.8699998687952757       0.12425762327291695       0.15260000810409396     
   5.8799998685717583       0.12572126647512821       0.15240000814856430     
   5.8899998683482409       0.12726546428625690       0.15220000819303464     
   5.8999998681247234       0.12889169198328668       0.15200000823750501     
   5.9099998679012060       0.13060143844919705       0.15180000828197535     
   5.9199998676776886       0.13239620622696324       0.15160000832644568     
   5.9299998674541712       0.13427751157355622       0.15140000837091605     
   5.9399998672306538       0.13624688451394271       0.15120000841538639     
   5.9499998670071363       0.13830586889508506       0.15100000845985673     
   5.9599998667836189       0.14045602243994137       0.15080000850432707     
   5.9699998665601015       0.14269891680146554       0.15060000854879743     
   5.9799998663365841       0.14503613761660694       0.15040000859326777     
   5.9899998661130667       0.14746928456031072       0.15020000863773814     
   5.9999998658895493       0.14999997139951757       0.15000000868220847     
   6.0099998656660318       0.15262982604716391        6.9531248189812932E-310
   6.0199998654425144       0.15536049061618179        6.9531248189812932E-310
   6.0299998652189970       0.15819362147349861        6.9531248189812932E-310
   6.0399998649954796       0.16113088929403765        6.9531248189812932E-310
   6.0499998647719622       0.16417397911471759        6.9531248189812932E-310
   6.0599998645484447       0.16732459038845260        6.9531248189812932E-310
   6.0699998643249273       0.17058443703815257        6.9531248189812932E-310
   6.0799998641014099       0.17395524751072272        6.9531248189812932E-310
   6.0899998638778925       0.17743876483106383        6.9531248189812932E-310
   6.0999998636543751       0.18103674665607222        6.9531248189812932E-310
   6.1099998634308577       0.18475096532863972        6.9531248189812932E-310
   6.1199998632073402       0.18858320793165331        6.9531248189812932E-310
   6.1299998629838228       0.19253527634199569        6.9531248189812932E-310
   6.1399998627603054       0.19660898728454504        6.9531248189812932E-310
   6.1499998625367880       0.20080617238617474        6.9531248189812932E-310
   6.1599998623132706       0.20512867822975361        6.9531248189812932E-310
   6.1699998620897532       0.20957836640814598        6.9531248189812932E-310
   6.1799998618662357       0.21415711357821138        6.9531248189812932E-310
   6.1899998616427183       0.21886681151480475        6.9531248189812932E-310
   6.1999998614192009       0.22370936716477627        6.9531248189812932E-310
   6.2099998611956835       0.22868670270097174        6.9531248189812932E-310
   6.2199998609721661       0.23380075557623187        6.9531248189812932E-310
   6.2299998607486486       0.23905347857739287        6.9531248189812932E-310
   6.2399998605251312       0.24444683987928592        6.9531248189812932E-310
   6.2499998603016138       0.24998282309873826        6.9531248189812932E-310
   6.2599998600780964       0.25566342734857145        6.9531248189812932E-310
   6.2699998598545790       0.26149066729160281        6.9531248189812932E-310
   6.2799998596310616       0.26746657319464440        6.9531248189812932E-310
   6.2899998594075441       0.27359319098250384        6.9531248189812932E-310
   6.2999998591840267       0.27987258229198431        6.9531248189812932E-310
   6.3099998589605093       0.28630682452588324        6.9531248189812932E-310
   6.3199998587369919       0.29289801090699352        6.9531248189812932E-310
   6.3299998585134745       0.29964825053210414        6.9531248189812932E-310
   6.3399998582899570       0.30655966842599724        6.9531248189812932E-310
   6.3499998580664396       0.31363440559545203        6.9531248189812932E-310
   6.3599998578429222       0.32087461908324189        6.9531248189812932E-310
   6.3699998576194048       0.32828248202213500        6.9531248189812932E-310
   6.3799998573958874       0.33586018368889498        6.9531248189812932E-310
   6.3899998571723700       0.34360992955828085        6.9531248189812932E-310
   6.3999998569488525       0.35153394135704596        6.9531248189812932E-310
   6.4099998567253351       0.35963445711793918        6.9531248189812932E-310
   6.4199998565018177       0.36791373123370369        6.9531248189812932E-310
   6.4299998562783003       0.37637403451107870        6.9531248189812932E-310
   6.4399998560547829       0.38501765422479745        6.9531248189812932E-310
   6.4499998558312654       0.39384689417158852        6.9531248189812932E-310
   6.4599998556077480       0.40286407472417535        6.9531248189812932E-310
   6.4699998553842306       0.41207153288527626        6.9531248189812932E-310
   6.4799998551607132       0.42147162234160501        6.9531248189812932E-310
   6.4899998549371958       0.43106671351786979        6.9531248189812932E-310
   6.4999998547136784       0.44085919363077236        6.9531248189812932E-310
   6.5099998544901609       0.45085146674301224        6.9531248189812932E-310
   6.5199998542666435       0.46104595381728136        6.9531248189812932E-310
   6.5299998540431261       0.47144509277026714        6.9531248189812932E-310
   6.5399998538196087       0.48205133852665250        6.9531248189812932E-310
   6.5499998535960913       0.49286716307311429        6.9531248189812932E-310
   6.5599998533725739       0.50389505551232427        6.9531248189812932E-310
   6.5699998531490564       0.51513752211694919        6.9531248189812932E-310
   6.5799998529255390       0.52659708638365155        6.9531248189812932E-310
   6.5899998527020216       0.53827628908708580        6.9531248189812932E-310
   6.5999998524785042       0.55017768833390401        6.9531248189812932E-310
   6.6099998522549868       0.56230385961675133        6.9531248189812932E-310
   6.6199998520314693       0.57465739586826792        6.9531248189812932E-310
   6.6299998518079519       0.58724090751508951        6.9531248189812932E-310
   6.6399998515844345       0.60005702253184467        6.9531248189812932E-310
   6.6499998513609171       0.61310838649515909        6.9531248189812932E-310
   6.6599998511373997       0.62639766263764973        6.9531248189812932E-310
   6.6699998509138823       0.63992753190193163        6.9531248189812932E-310
   6.6799998506903648       0.65370069299461198        6.9531248189812932E-310
   6.6899998504668474       0.66771986244029402        6.9531248189812932E-310
   6.6999998502433300       0.68198777463557492        6.9531248189812932E-310
   6.7099998500198126       0.69650718190304539        6.9531248189812932E-310
   6.7199998497962952       0.71128085454529388        6.9531248189812932E-310
   6.7299998495727777       0.72631158089889869        6.9531248189812932E-310
   6.7399998493492603       0.74160216738843732        6.9531248189812932E-310
   6.7499998491257429       0.75715543858047851        6.9531248189812932E-310
   6.7599998489022255       0.77297423723758640        6.9531248189812932E-310
   6.7699998486787081       0.78906142437232041        6.9531248189812932E-310
   6.7799998484551907       0.80541987930123260        6.9531248189812932E-310
   6.7899998482316732       0.82205249969887251        6.9531248189812932E-310
   6.7999998480081558       0.83896220165178059        6.9531248189812932E-310
   6.8099998477846384       0.85615191971249238        6.9531248189812932E-310
   6.8199998475611210       0.87362460695354138        6.9531248189812932E-310
   6.8299998473376036       0.89138323502145000        6.9531248189812932E-310
   6.8399998471140862       0.90943079419074058        6.9531248189812932E-310
   6.8499998468905687       0.92777029341792483        6.9531248189812932E-310
   6.8599998466670513       0.94640476039551202        6.9531248189812932E-310
   6.8699998464435339       0.96533724160600276        6.9531248189812932E-310
   6.8799998462200165       0.98457080237589578        6.9531248189812932E-310
   6.8899998459964991        1.0041085269296821        6.9531248189812932E-310
   6.8999998457729816        1.0239535184438444        6.9531248189812932E-310
   6.9099998455494642        1.0441088991008660        6.9531248189812932E-310
   6.9199998453259468        1.0645778101432177        6.9531248189812932E-310
   6.9299998451024294        1.0853634119273681        6.9531248189812932E-310
   6.9399998448789120        1.1064688839777810        6.9531248189812932E-310
   6.9499998446553946        1.1278974250409104        6.9531248189812932E-310
   6.9599998444318771        1.1496522531392079        6.9531248189812932E-310
   6.9699998442083597        1.1717366056251191        6.9531248189812932E-310
   6.9799998439848423        1.1941537392350825        6.9531248189812932E-310
   6.9899998437613249        1.2169069301435276        6.9531248189812932E-310
   6.9999998435378075        1.2399994740168860        6.9531248189812932E-310
   7.0099998433142900        1.2634346860675745        6.9531248189812932E-310
