  -3.0000000000000000       -1.0000000000000000     
  -2.9900000000000002      -0.92059900000000106     
  -2.9800000000000004      -0.84239200000000025     
  -2.9700000000000006      -0.76537300000000563     
  -2.9600000000000009      -0.68953600000000748     
  -2.9500000000000011      -0.61487500000001027     
  -2.9400000000000013      -0.54138400000000431     
  -2.9300000000000015      -0.46905700000001183     
  -2.9200000000000017      -0.39788800000001245     
  -2.9100000000000019      -0.32787100000001423     
  -2.9000000000000021      -0.25900000000001100     
  -2.8900000000000023      -0.19126900000001434     
  -2.8800000000000026      -0.12467200000001455     
  -2.8700000000000028       -5.9203000000016104E-002
  -2.8600000000000030        5.1439999999800534E-003
  -2.8500000000000032        6.8374999999980091E-002
  -2.8400000000000034       0.13049599999997952     
  -2.8300000000000036       0.19151299999997740     
  -2.8200000000000038       0.25143199999997634     
  -2.8100000000000041       0.31025899999997897     
  -2.8000000000000043       0.36799999999997368     
  -2.7900000000000045       0.42466099999997731     
  -2.7800000000000047       0.48024799999997470     
  -2.7700000000000049       0.53476699999997201     
  -2.7600000000000051       0.58822399999997188     
  -2.7500000000000053       0.64062499999997335     
  -2.7400000000000055       0.69197599999996839     
  -2.7300000000000058       0.74228299999997027     
  -2.7200000000000060       0.79155199999997450     
  -2.7100000000000062       0.83978899999997303     
  -2.7000000000000064       0.88699999999997203     
  -2.6900000000000066       0.93319099999997057     
  -2.6800000000000068       0.97836799999997126     
  -2.6700000000000070        1.0225369999999732     
  -2.6600000000000072        1.0657039999999718     
  -2.6500000000000075        1.1078749999999697     
  -2.6400000000000077        1.1490559999999661     
  -2.6300000000000079        1.1892529999999706     
  -2.6200000000000081        1.2284719999999680     
  -2.6100000000000083        1.2667189999999682     
  -2.6000000000000085        1.3039999999999665     
  -2.5900000000000087        1.3403209999999692     
  -2.5800000000000090        1.3756879999999647     
  -2.5700000000000092        1.4101069999999698     
  -2.5600000000000094        1.4435839999999693     
  -2.5500000000000096        1.4761249999999730     
  -2.5400000000000098        1.5077359999999693     
  -2.5300000000000100        1.5384229999999715     
  -2.5200000000000102        1.5681919999999714     
  -2.5100000000000104        1.5970489999999700     
  -2.5000000000000107        1.6249999999999716     
  -2.4900000000000109        1.6520509999999700     
  -2.4800000000000111        1.6782079999999731     
  -2.4700000000000113        1.7034769999999728     
  -2.4600000000000115        1.7278639999999719     
  -2.4500000000000117        1.7513749999999710     
  -2.4400000000000119        1.7740159999999747     
  -2.4300000000000122        1.7957929999999749     
  -2.4200000000000124        1.8167119999999741     
  -2.4100000000000126        1.8367789999999768     
  -2.4000000000000128        1.8559999999999732     
  -2.3900000000000130        1.8743809999999765     
  -2.3800000000000132        1.8919279999999752     
  -2.3700000000000134        1.9086469999999753     
  -2.3600000000000136        1.9245439999999778     
  -2.3500000000000139        1.9396249999999782     
  -2.3400000000000141        1.9538959999999825     
  -2.3300000000000143        1.9673629999999811     
  -2.3200000000000145        1.9800319999999818     
  -2.3100000000000147        1.9919089999999837     
  -2.3000000000000149        2.0029999999999841     
  -2.2900000000000151        2.0133109999999856     
  -2.2800000000000153        2.0228479999999838     
  -2.2700000000000156        2.0316169999999882     
  -2.2600000000000158        2.0396239999999874     
  -2.2500000000000160        2.0468749999999893     
  -2.2400000000000162        2.0533759999999912     
  -2.2300000000000164        2.0591329999999886     
  -2.2200000000000166        2.0641519999999911     
  -2.2100000000000168        2.0684389999999944     
  -2.2000000000000171        2.0719999999999956     
  -2.1900000000000173        2.0748409999999957     
  -2.1800000000000175        2.0769679999999973     
  -2.1700000000000177        2.0783869999999975     
  -2.1600000000000179        2.0791040000000010     
  -2.1500000000000181        2.0791250000000012     
  -2.1400000000000183        2.0784560000000027     
  -2.1300000000000185        2.0771030000000046     
  -2.1200000000000188        2.0750720000000040     
  -2.1100000000000190        2.0723690000000037     
  -2.1000000000000192        2.0690000000000079     
  -2.0900000000000194        2.0649710000000088     
  -2.0800000000000196        2.0602880000000088     
  -2.0700000000000198        2.0549570000000106     
  -2.0600000000000200        2.0489840000000115     
  -2.0500000000000203        2.0423750000000158     
  -2.0400000000000205        2.0351360000000156     
  -2.0300000000000207        2.0272730000000170     
  -2.0200000000000209        2.0187920000000190     
  -2.0100000000000211        2.0096990000000208     
  -2.0000000000000213        2.0000000000000213     
  -1.9900000000000213        1.9897010000000224     
  -1.9800000000000213        1.9788080000000239     
  -1.9700000000000213        1.9673270000000249     
  -1.9600000000000213        1.9552640000000272     
  -1.9500000000000213        1.9426250000000262     
  -1.9400000000000213        1.9294160000000282     
  -1.9300000000000213        1.9156430000000304     
  -1.9200000000000212        1.9013120000000319     
  -1.9100000000000212        1.8864290000000326     
  -1.9000000000000212        1.8710000000000324     
  -1.8900000000000212        1.8550310000000341     
  -1.8800000000000212        1.8385280000000357     
  -1.8700000000000212        1.8214970000000372     
  -1.8600000000000212        1.8039440000000369     
  -1.8500000000000212        1.7858750000000398     
  -1.8400000000000212        1.7672960000000391     
  -1.8300000000000212        1.7482130000000407     
  -1.8200000000000212        1.7286320000000419     
  -1.8100000000000211        1.7085590000000428     
  -1.8000000000000211        1.6880000000000432     
  -1.7900000000000211        1.6669610000000450     
  -1.7800000000000211        1.6454480000000462     
  -1.7700000000000211        1.6234670000000477     
  -1.7600000000000211        1.6010240000000469     
  -1.7500000000000211        1.5781250000000480     
  -1.7400000000000211        1.5547760000000483     
  -1.7300000000000211        1.5309830000000497     
  -1.7200000000000211        1.5067520000000520     
  -1.7100000000000211        1.4820890000000526     
  -1.7000000000000210        1.4570000000000540     
  -1.6900000000000210        1.4314910000000545     
  -1.6800000000000210        1.4055680000000548     
  -1.6700000000000210        1.3792370000000567     
  -1.6600000000000210        1.3525040000000565     
  -1.6500000000000210        1.3253750000000579     
  -1.6400000000000210        1.2978560000000572     
  -1.6300000000000210        1.2699530000000587     
  -1.6200000000000210        1.2416720000000598     
  -1.6100000000000210        1.2130190000000596     
  -1.6000000000000210        1.1840000000000614     
  -1.5900000000000210        1.1546210000000627     
  -1.5800000000000209        1.1248880000000625     
  -1.5700000000000209        1.0948070000000634     
  -1.5600000000000209        1.0643840000000644     
  -1.5500000000000209        1.0336250000000646     
  -1.5400000000000209        1.0025360000000649     
  -1.5300000000000209       0.97112300000006613     
  -1.5200000000000209       0.93939200000006728     
  -1.5100000000000209       0.90734900000006746     
  -1.5000000000000209       0.87500000000006839     
  -1.4900000000000209       0.84235100000006824     
  -1.4800000000000209       0.80940800000006874     
  -1.4700000000000208       0.77617700000006895     
  -1.4600000000000208       0.74266400000007060     
  -1.4500000000000208       0.70887500000007098     
  -1.4400000000000208       0.67481600000007091     
  -1.4300000000000208       0.64049300000007214     
  -1.4200000000000208       0.60591200000007106     
  -1.4100000000000208       0.57107900000007206     
  -1.4000000000000208       0.53600000000007331     
  -1.3900000000000208       0.50068100000007298     
  -1.3800000000000208       0.46512800000007459     
  -1.3700000000000208       0.42934700000007453     
  -1.3600000000000207       0.39334400000007541     
  -1.3500000000000207       0.35712500000007541     
  -1.3400000000000207       0.32069600000007625     
  -1.3300000000000207       0.28406300000007612     
  -1.3200000000000207       0.24723200000007584     
  -1.3100000000000207       0.21020900000007625     
  -1.3000000000000207       0.17300000000007820     
  -1.2900000000000207       0.13561100000007720     
  -1.2800000000000207        9.8048000000077629E-002
  -1.2700000000000207        6.0317000000077670E-002
  -1.2600000000000207        2.2424000000079047E-002
  -1.2500000000000207       -1.5624999999920952E-002
  -1.2400000000000206       -5.3823999999920602E-002
  -1.2300000000000206       -9.2166999999920840E-002
  -1.2200000000000206      -0.13064799999992038     
  -1.2100000000000206      -0.16926099999992061     
  -1.2000000000000206      -0.20799999999991980     
  -1.1900000000000206      -0.24685899999991978     
  -1.1800000000000206      -0.28583199999991971     
  -1.1700000000000206      -0.32491299999991963     
  -1.1600000000000206      -0.36409599999991915     
  -1.1500000000000206      -0.40337499999991877     
  -1.1400000000000206      -0.44274399999991898     
  -1.1300000000000205      -0.48219699999991938     
  -1.1200000000000205      -0.52172799999991870     
  -1.1100000000000205      -0.56133099999991831     
  -1.1000000000000205      -0.60099999999991915     
  -1.0900000000000205      -0.64072899999991861     
  -1.0800000000000205      -0.68051199999991852     
  -1.0700000000000205      -0.72034299999991802     
  -1.0600000000000205      -0.76021599999991807     
  -1.0500000000000205      -0.80012499999991871     
  -1.0400000000000205      -0.84006399999991821     
  -1.0300000000000205      -0.88002699999991751     
  -1.0200000000000204      -0.92000799999991800     
  -1.0100000000000204      -0.96000099999991839     
  -1.0000000000000204      -0.99999999999991829     
 -0.99000000000002042       -1.0399989999999182     
 -0.98000000000002041       -1.0799919999999181     
 -0.97000000000002040       -1.1199729999999182     
 -0.96000000000002039       -1.1599359999999184     
 -0.95000000000002038       -1.1998749999999188     
 -0.94000000000002037       -1.2397839999999190     
 -0.93000000000002037       -1.2796569999999186     
 -0.92000000000002036       -1.3194879999999189     
 -0.91000000000002035       -1.3592709999999188     
 -0.90000000000002034       -1.3989999999999192     
 -0.89000000000002033       -1.4386689999999192     
 -0.88000000000002032       -1.4782719999999197     
 -0.87000000000002031       -1.5178029999999199     
 -0.86000000000002030       -1.5572559999999198     
 -0.85000000000002029       -1.5966249999999205     
 -0.84000000000002029       -1.6359039999999205     
 -0.83000000000002028       -1.6750869999999205     
 -0.82000000000002027       -1.7141679999999213     
 -0.81000000000002026       -1.7531409999999212     
 -0.80000000000002025       -1.7919999999999217     
 -0.79000000000002024       -1.8307389999999217     
 -0.78000000000002023       -1.8693519999999220     
 -0.77000000000002022       -1.9078329999999224     
 -0.76000000000002021       -1.9461759999999226     
 -0.75000000000002021       -1.9843749999999227     
 -0.74000000000002020       -2.0224239999999236     
 -0.73000000000002019       -2.0603169999999240     
 -0.72000000000002018       -2.0980479999999240     
 -0.71000000000002017       -2.1356109999999244     
 -0.70000000000002016       -2.1729999999999245     
 -0.69000000000002015       -2.2102089999999253     
 -0.68000000000002014       -2.2472319999999257     
 -0.67000000000002014       -2.2840629999999260     
 -0.66000000000002013       -2.3206959999999266     
 -0.65000000000002012       -2.3571249999999271     
 -0.64000000000002011       -2.3933439999999275     
 -0.63000000000002010       -2.4293469999999280     
 -0.62000000000002009       -2.4651279999999285     
 -0.61000000000002008       -2.5006809999999287     
 -0.60000000000002007       -2.5359999999999294     
 -0.59000000000002006       -2.5710789999999299     
 -0.58000000000002006       -2.6059119999999303     
 -0.57000000000002005       -2.6404929999999309     
 -0.56000000000002004       -2.6748159999999315     
 -0.55000000000002003       -2.7088749999999320     
 -0.54000000000002002       -2.7426639999999325     
 -0.53000000000002001       -2.7761769999999331     
 -0.52000000000002000       -2.8094079999999337     
 -0.51000000000001999       -2.8423509999999346     
 -0.50000000000001998       -2.8749999999999352     
 -0.49000000000001998       -2.9073489999999356     
 -0.48000000000001997       -2.9393919999999363     
 -0.47000000000001996       -2.9711229999999369     
 -0.46000000000001995       -3.0025359999999375     
 -0.45000000000001994       -3.0336249999999385     
 -0.44000000000001993       -3.0643839999999392     
 -0.43000000000001992       -3.0948069999999399     
 -0.42000000000001991       -3.1248879999999404     
 -0.41000000000001990       -3.1546209999999411     
 -0.40000000000001990       -3.1839999999999420     
 -0.39000000000001989       -3.2130189999999428     
 -0.38000000000001988       -3.2416719999999435     
 -0.37000000000001987       -3.2699529999999442     
 -0.36000000000001986       -3.2978559999999448     
 -0.35000000000001985       -3.3253749999999460     
 -0.34000000000001984       -3.3525039999999464     
 -0.33000000000001983       -3.3792369999999474     
 -0.32000000000001982       -3.4055679999999482     
 -0.31000000000001982       -3.4314909999999488     
 -0.30000000000001981       -3.4569999999999501     
 -0.29000000000001980       -3.4820889999999505     
 -0.28000000000001979       -3.5067519999999517     
 -0.27000000000001978       -3.5309829999999525     
 -0.26000000000001977       -3.5547759999999533     
 -0.25000000000001976       -3.5781249999999543     
 -0.24000000000001975       -3.6010239999999554     
 -0.23000000000001974       -3.6234669999999563     
 -0.22000000000001974       -3.6454479999999569     
 -0.21000000000001973       -3.6669609999999579     
 -0.20000000000001972       -3.6879999999999589     
 -0.19000000000001971       -3.7085589999999602     
 -0.18000000000001970       -3.7286319999999611     
 -0.17000000000001969       -3.7482129999999620     
 -0.16000000000001968       -3.7672959999999631     
 -0.15000000000001967       -3.7858749999999639     
 -0.14000000000001966       -3.8039439999999649     
 -0.13000000000001966       -3.8214969999999662     
 -0.12000000000001966       -3.8385279999999669     
 -0.11000000000001967       -3.8550309999999679     
 -0.10000000000001967       -3.8709999999999694     
  -9.0000000000019675E-002  -3.8864289999999704     
  -8.0000000000019680E-002  -3.9013119999999715     
  -7.0000000000019685E-002  -3.9156429999999722     
  -6.0000000000019683E-002  -3.9294159999999736     
  -5.0000000000019681E-002  -3.9426249999999747     
  -4.0000000000019680E-002  -3.9552639999999757     
  -3.0000000000019678E-002  -3.9673269999999770     
  -2.0000000000019676E-002  -3.9788079999999781     
  -1.0000000000019675E-002  -3.9897009999999793     
  -1.9675233664528946E-014  -3.9999999999999805     
   9.9999999999803250E-003  -4.0096989999999817     
   1.9999999999980325E-002  -4.0187919999999826     
   2.9999999999980327E-002  -4.0272729999999841     
   3.9999999999980329E-002  -4.0351359999999854     
   4.9999999999980331E-002  -4.0423749999999865     
   5.9999999999980333E-002  -4.0489839999999875     
   6.9999999999980328E-002  -4.0549569999999893     
   7.9999999999980323E-002  -4.0602879999999901     
   8.9999999999980318E-002  -4.0649709999999910     
   9.9999999999980313E-002  -4.0689999999999928     
  0.10999999999998031       -4.0723689999999939     
  0.11999999999998030       -4.0750719999999951     
  0.12999999999998030       -4.0771029999999966     
  0.13999999999998031       -4.0784559999999983     
  0.14999999999998032       -4.0791249999999994     
  0.15999999999998032       -4.0791040000000010     
  0.16999999999998033       -4.0783870000000020     
  0.17999999999998034       -4.0769680000000035     
  0.18999999999998035       -4.0748410000000046     
  0.19999999999998036       -4.0720000000000063     
  0.20999999999998037       -4.0684390000000077     
  0.21999999999998038       -4.0641520000000089     
  0.22999999999998039       -4.0591330000000108     
  0.23999999999998040       -4.0533760000000116     
  0.24999999999998040       -4.0468750000000133     
  0.25999999999998041       -4.0396240000000150     
  0.26999999999998042       -4.0316170000000167     
  0.27999999999998043       -4.0228480000000175     
  0.28999999999998044       -4.0133110000000194     
  0.29999999999998045       -4.0030000000000205     
  0.30999999999998046       -3.9919090000000224     
  0.31999999999998047       -3.9800320000000240     
  0.32999999999998048       -3.9673630000000255     
  0.33999999999998048       -3.9538960000000269     
  0.34999999999998049       -3.9396250000000288     
  0.35999999999998050       -3.9245440000000302     
  0.36999999999998051       -3.9086470000000317     
  0.37999999999998052       -3.8919280000000334     
  0.38999999999998053       -3.8743810000000352     
  0.39999999999998054       -3.8560000000000367     
  0.40999999999998055       -3.8367790000000381     
  0.41999999999998056       -3.8167120000000399     
  0.42999999999998056       -3.7957930000000415     
  0.43999999999998057       -3.7740160000000431     
  0.44999999999998058       -3.7513750000000448     
  0.45999999999998059       -3.7278640000000465     
  0.46999999999998060       -3.7034770000000483     
  0.47999999999998061       -3.6782080000000499     
  0.48999999999998062       -3.6520510000000517     
  0.49999999999998063       -3.6250000000000533     
  0.50999999999998058       -3.5970490000000552     
  0.51999999999998059       -3.5681920000000567     
  0.52999999999998060       -3.5384230000000585     
  0.53999999999998061       -3.5077360000000604     
  0.54999999999998062       -3.4761250000000623     
  0.55999999999998062       -3.4435840000000639     
  0.56999999999998063       -3.4101070000000657     
  0.57999999999998064       -3.3756880000000677     
  0.58999999999998065       -3.3403210000000696     
  0.59999999999998066       -3.3040000000000713     
  0.60999999999998067       -3.2667190000000730     
  0.61999999999998068       -3.2284720000000751     
  0.62999999999998069       -3.1892530000000767     
  0.63999999999998070       -3.1490560000000785     
  0.64999999999998070       -3.1078750000000808     
  0.65999999999998071       -3.0657040000000824     
  0.66999999999998072       -3.0225370000000842     
  0.67999999999998073       -2.9783680000000858     
  0.68999999999998074       -2.9331910000000883     
  0.69999999999998075       -2.8870000000000897     
  0.70999999999998076       -2.8397890000000920     
  0.71999999999998077       -2.7915520000000935     
  0.72999999999998078       -2.7422830000000955     
  0.73999999999998078       -2.6919760000000976     
  0.74999999999998079       -2.6406250000000995     
  0.75999999999998080       -2.5882240000001016     
  0.76999999999998081       -2.5347670000001035     
  0.77999999999998082       -2.4802480000001053     
  0.78999999999998083       -2.4246610000001079     
  0.79999999999998084       -2.3680000000001096     
  0.80999999999998085       -2.3102590000001118     
  0.81999999999998086       -2.2514320000001136     
  0.82999999999998086       -2.1915130000001160     
  0.83999999999998087       -2.1304960000001176     
  0.84999999999998088       -2.0683750000001195     
  0.85999999999998089       -2.0051440000001217     
  0.86999999999998090       -1.9407970000001242     
  0.87999999999998091       -1.8753280000001253     
  0.88999999999998092       -1.8087310000001278     
  0.89999999999998093       -1.7410000000001302     
  0.90999999999998094       -1.6721290000001328     
  0.91999999999998094       -1.6021120000001345     
  0.92999999999998095       -1.5309430000001365     
  0.93999999999998096       -1.4586160000001387     
  0.94999999999998097       -1.3851250000001412     
  0.95999999999998098       -1.3104640000001431     
  0.96999999999998099       -1.2346270000001454     
  0.97999999999998100       -1.1576080000001472     
  0.98999999999998101       -1.0794010000001495     
  0.99999999999998102       -1.0000000000001514     
   1.0099999999999809      -0.91939900000015573     
   1.0199999999999809      -0.83759200000015710     
   1.0299999999999809      -0.75457300000015959     
   1.0399999999999809      -0.67033600000016191     
   1.0499999999999809      -0.58487500000016368     
   1.0599999999999810      -0.49818400000016716     
   1.0699999999999810      -0.41025700000016840     
   1.0799999999999810      -0.32108800000017057     
   1.0899999999999810      -0.23067100000017327     
   1.0999999999999810      -0.13900000000017521     
   1.1099999999999810       -4.6069000000177773E-002
   1.1199999999999810        4.8127999999818982E-002
   1.1299999999999810       0.14359699999981768     
   1.1399999999999810       0.24034399999981559     
   1.1499999999999810       0.33837499999981357     
   1.1599999999999810       0.43769599999981068     
   1.1699999999999811       0.53831299999980775     
   1.1799999999999811       0.64023199999980562     
   1.1899999999999811       0.74345899999980425     
   1.1999999999999811       0.84799999999980002     
   1.2099999999999811       0.95386099999979823     
   1.2199999999999811        1.0610479999997962     
   1.2299999999999811        1.1695669999997937     
   1.2399999999999811        1.2794239999997910     
   1.2499999999999811        1.3906249999997877     
   1.2599999999999811        1.5031759999997858     
   1.2699999999999811        1.6170829999997842     
   1.2799999999999812        1.7323519999997803     
   1.2899999999999812        1.8489889999997793     
   1.2999999999999812        1.9669999999997767     
   1.3099999999999812        2.0863909999997734     
   1.3199999999999812        2.2071679999997720     
   1.3299999999999812        2.3293369999997688     
   1.3399999999999812        2.4529039999997666     
   1.3499999999999812        2.5778749999997652     
   1.3599999999999812        2.7042559999997611     
   1.3699999999999812        2.8320529999997586     
   1.3799999999999812        2.9612719999997559     
   1.3899999999999813        3.0919189999997538     
   1.3999999999999813        3.2239999999997515     
   1.4099999999999813        3.3575209999997488     
   1.4199999999999813        3.4924879999997449     
   1.4299999999999813        3.6289069999997432     
   1.4399999999999813        3.7667839999997401     
   1.4499999999999813        3.9061249999997383     
   1.4599999999999813        4.0469359999997359     
   1.4699999999999813        4.1892229999997337     
   1.4799999999999813        4.3329919999997308     
   1.4899999999999813        4.4782489999997281     
   1.4999999999999813        4.6249999999997229     
   1.5099999999999814        4.7732509999997212     
   1.5199999999999814        4.9230079999997187     
   1.5299999999999814        5.0742769999997179     
   1.5399999999999814        5.2270639999997144     
   1.5499999999999814        5.3813749999997107     
   1.5599999999999814        5.5372159999997095     
   1.5699999999999814        5.6945929999997063     
   1.5799999999999814        5.8535119999997036     
   1.5899999999999814        6.0139789999996989     
   1.5999999999999814        6.1759999999996982     
   1.6099999999999814        6.3395809999996953     
   1.6199999999999815        6.5047279999996928     
   1.6299999999999815        6.6714469999996879     
   1.6399999999999815        6.8397439999996887     
   1.6499999999999815        7.0096249999996836     
   1.6599999999999815        7.1810959999996804     
   1.6699999999999815        7.3541629999996783     
   1.6799999999999815        7.5288319999996745     
   1.6899999999999815        7.7051089999996716     
   1.6999999999999815        7.8829999999996687     
   1.7099999999999815        8.0625109999996649     
   1.7199999999999815        8.2436479999996646     
   1.7299999999999816        8.4264169999996614     
   1.7399999999999816        8.6108239999996599     
   1.7499999999999816        8.7968749999996554     
   1.7599999999999816        8.9845759999996506     
   1.7699999999999816        9.1739329999996500     
   1.7799999999999816        9.3649519999996453     
   1.7899999999999816        9.5576389999996429     
   1.7999999999999816        9.7519999999996401     
   1.8099999999999816        9.9480409999996375     
   1.8199999999999816        10.145767999999634     
   1.8299999999999816        10.345186999999632     
   1.8399999999999817        10.546303999999630     
   1.8499999999999817        10.749124999999625     
   1.8599999999999817        10.953655999999622     
   1.8699999999999817        11.159902999999622     
   1.8799999999999817        11.367871999999618     
   1.8899999999999817        11.577568999999615     
   1.8999999999999817        11.788999999999614     
   1.9099999999999817        12.002170999999606     
   1.9199999999999817        12.217087999999606     
   1.9299999999999817        12.433756999999602     
   1.9399999999999817        12.652183999999600     
   1.9499999999999817        12.872374999999597     
   1.9599999999999818        13.094335999999593     
   1.9699999999999818        13.318072999999590     
   1.9799999999999818        13.543591999999585     
   1.9899999999999818        13.770898999999584     
   1.9999999999999818        13.999999999999581     
   2.0099999999999816        14.230900999999573     
   2.0199999999999814        14.463607999999564     
   2.0299999999999812        14.698126999999559     
   2.0399999999999809        14.934463999999547     
   2.0499999999999807        15.172624999999538     
   2.0599999999999805        15.412615999999531     
   2.0699999999999803        15.654442999999524     
   2.0799999999999801        15.898111999999511     
   2.0899999999999799        16.143628999999503     
   2.0999999999999797        16.390999999999494     
   2.1099999999999794        16.640230999999488     
   2.1199999999999792        16.891327999999476     
   2.1299999999999790        17.144296999999469     
   2.1399999999999788        17.399143999999460     
   2.1499999999999786        17.655874999999451     
   2.1599999999999784        17.914495999999438     
   2.1699999999999782        18.175012999999428     
   2.1799999999999780        18.437431999999419     
   2.1899999999999777        18.701758999999409     
   2.1999999999999775        18.967999999999400     
   2.2099999999999773        19.236160999999388     
   2.2199999999999771        19.506247999999381     
   2.2299999999999769        19.778266999999374     
   2.2399999999999767        20.052223999999359     
   2.2499999999999765        20.328124999999350     
   2.2599999999999763        20.605975999999337     
   2.2699999999999760        20.885782999999329     
   2.2799999999999758        21.167551999999315     
   2.2899999999999756        21.451288999999306     
   2.2999999999999754        21.736999999999295     
   2.3099999999999752        22.024690999999287     
   2.3199999999999750        22.314367999999273     
   2.3299999999999748        22.606036999999265     
   2.3399999999999745        22.899703999999254     
   2.3499999999999743        23.195374999999238     
   2.3599999999999741        23.493055999999225     
   2.3699999999999739        23.792752999999212     
   2.3799999999999737        24.094471999999204     
   2.3899999999999735        24.398218999999195     
   2.3999999999999733        24.703999999999180     
   2.4099999999999731        25.011820999999170     
   2.4199999999999728        25.321687999999156     
   2.4299999999999726        25.633606999999145     
   2.4399999999999724        25.947583999999129     
   2.4499999999999722        26.263624999999120     
   2.4599999999999720        26.581735999999104     
   2.4699999999999718        26.901922999999094     
   2.4799999999999716        27.224191999999082     
   2.4899999999999713        27.548548999999067     
   2.4999999999999711        27.874999999999055     
   2.5099999999999709        28.203550999999045     
   2.5199999999999707        28.534207999999033     
   2.5299999999999705        28.866976999999011     
   2.5399999999999703        29.201863999998999     
   2.5499999999999701        29.538874999998988     
   2.5599999999999699        29.878015999998972     
   2.5699999999999696        30.219292999998963     
   2.5799999999999694        30.562711999998953     
   2.5899999999999692        30.908278999998934     
   2.5999999999999690        31.255999999998920     
   2.6099999999999688        31.605880999998902     
   2.6199999999999686        31.957927999998894     
   2.6299999999999684        32.312146999998873     
   2.6399999999999681        32.668543999998867     
   2.6499999999999679        33.027124999998847     
   2.6599999999999677        33.387895999998833     
   2.6699999999999675        33.750862999998823     
   2.6799999999999673        34.116031999998810     
   2.6899999999999671        34.483408999998787     
   2.6999999999999669        34.852999999998772     
   2.7099999999999667        35.224810999998752     
   2.7199999999999664        35.598847999998746     
   2.7299999999999662        35.975116999998725     
   2.7399999999999660        36.353623999998710     
   2.7499999999999658        36.734374999998700     
   2.7599999999999656        37.117375999998686     
   2.7699999999999654        37.502632999998667     
   2.7799999999999652        37.890151999998643     
   2.7899999999999650        38.279938999998635     
   2.7999999999999647        38.671999999998611     
   2.8099999999999645        39.066340999998594     
   2.8199999999999643        39.462967999998583     
   2.8299999999999641        39.861886999998561     
   2.8399999999999639        40.263103999998549     
   2.8499999999999637        40.666624999998525     
   2.8599999999999635        41.072455999998517     
   2.8699999999999632        41.480602999998496     
   2.8799999999999630        41.891071999998481     
   2.8899999999999628        42.303868999998457     
   2.8999999999999626        42.718999999998445     
   2.9099999999999624        43.136470999998430     
   2.9199999999999622        43.556287999998410     
   2.9299999999999620        43.978456999998386     
   2.9399999999999618        44.402983999998376     
   2.9499999999999615        44.829874999998353     
   2.9599999999999613        45.259135999998335     
   2.9699999999999611        45.690772999998316     
   2.9799999999999609        46.124791999998294     
   2.9899999999999607        46.561198999998275     
   2.9999999999999605        46.999999999998266     
   3.0099999999999603        47.441200999998237     
